1:ItNr	2:Metric	3a:Time	3b:StepSize	4:||Gradient||	Time[ms]
0	-0.029576	0.000000	8.643171	0.013785	17.1
1	-0.024826	0.000000	8.643171	0.012970	0.4
2	-0.005613	0.984617	8.256073	0.005311	0.4
3	-0.014755	0.177510	8.570724	0.008393	0.4
4	-0.034282	0.000000	8.643171	0.011547	0.4
5	-0.015985	0.000000	8.643171	0.012628	0.4
6	-0.024586	0.917927	8.281194	0.009843	0.4
7	-0.017148	1.817694	7.954642	0.008238	0.5
8	-0.019476	2.816889	7.620920	0.005356	0.4
9	-0.029118	2.303562	7.788792	0.012339	0.4
10	-0.032847	2.138816	7.844247	0.009851	0.4
11	-0.026561	1.216491	8.169904	0.025304	0.4
12	-0.023889	0.294134	8.523784	0.019713	0.4
13	-0.034255	1.294134	8.141451	0.005284	0.4
14	-0.028542	0.786382	8.331195	0.008743	0.4
15	-0.025149	0.200928	8.561257	0.006430	0.4
16	-0.030816	1.197368	8.176942	0.023059	0.3
17	-0.029967	0.275154	8.531388	0.006501	0.4
18	-0.022976	0.000000	8.643171	0.008688	0.4
19	-0.025323	0.939257	8.273142	0.003294	0.4
20	-0.032157	0.076627	8.611748	0.006835	0.3
21	-0.039396	0.259769	8.537562	0.002770	0.4
22	-0.015959	0.000000	8.643171	0.003433	0.4
23	-0.030085	0.000000	8.643171	0.014210	0.3
24	-0.034290	0.255223	8.539388	0.005676	0.4
25	-0.027817	1.254523	8.155942	0.007052	0.4
26	-0.022484	0.758277	8.341956	0.009093	0.4
27	-0.034097	1.645075	8.015279	0.005775	0.4
28	-0.023305	0.889177	8.292070	0.007768	0.3
29	-0.018963	1.875616	7.934501	0.005839	0.3
30	-0.026654	2.853094	7.609352	0.005891	0.3
31	-0.019326	2.502050	7.723011	0.004521	0.3
32	-0.018282	2.851961	7.609714	0.004860	0.4
33	-0.022325	2.100341	7.857312	0.012405	0.4
34	-0.029641	1.184150	8.181814	0.012472	0.4
35	-0.016948	2.179707	7.830410	0.007340	0.6
36	-0.026951	3.178563	7.506922	0.014361	0.4
37	-0.028599	2.256223	7.804646	0.008454	0.3
38	-0.010820	3.246302	7.485950	0.008185	0.6
39	-0.022701	2.328896	7.780334	0.005115	0.4
40	-0.013097	3.313969	7.465116	0.001318	0.4
41	-0.019588	3.140507	7.518756	0.008855	0.4
42	-0.035637	2.695820	7.659857	0.022679	0.4
43	-0.019038	1.773463	7.970092	0.002535	0.4
44	-0.029098	2.086346	7.862075	0.013918	0.4
45	-0.015950	2.862712	7.606285	0.012818	0.5
46	-0.022920	1.940558	7.912039	0.010756	0.5
47	-0.033605	2.940540	7.581558	0.021693	0.5
48	-0.029787	3.940540	7.277573	0.002418	0.3
49	-0.029050	4.935181	6.998470	0.005744	0.5
50	-0.018353	4.543307	7.105838	0.003718	0.5
51	-0.034620	5.357652	6.886296	0.023347	0.3
52	-0.025363	6.020195	6.717442	0.009896	0.4
53	-0.038544	7.020188	6.477708	0.001941	0.3
54	-0.020081	7.696391	6.325067	0.014959	0.4
55	-0.030780	8.032047	6.251939	0.015000	0.4
56	-0.016827	9.032047	6.043764	0.004909	0.3
57	-0.027738	8.110407	6.235110	0.024118	0.4
58	-0.018470	7.355116	6.401194	0.004807	0.3
59	-0.026557	6.439825	6.614714	0.024763	0.4
60	-0.022062	7.439763	6.382142	0.004946	0.4
61	-0.021430	6.535857	6.591645	0.006122	0.4
62	-0.015348	7.434793	6.383257	0.005072	0.4
63	-0.020163	6.934188	6.497651	0.011183	0.4
64	-0.024328	7.903921	6.279653	0.007590	0.4
65	-0.034707	7.788149	6.304907	0.020025	0.3
66	-0.022976	6.865932	6.513566	0.011928	0.6
67	-0.021946	5.943574	6.736545	0.010937	0.5
68	-0.029874	6.943554	6.495473	0.022966	0.6
69	-0.018132	7.943554	6.271054	0.008145	0.3
70	-0.018097	8.943312	6.061674	0.003266	0.4
71	-0.032841	8.148975	6.226860	0.003826	0.4
72	-0.037453	7.830846	6.295570	0.006951	0.3
73	-0.019281	8.410522	6.171485	0.006896	0.3
74	-0.025720	7.928539	6.274309	0.007540	0.3
75	-0.039054	7.012618	6.479459	0.007771	0.3
76	-0.031944	6.093331	6.699309	0.010401	0.4
77	-0.031760	5.345366	6.889507	0.013890	0.3
78	-0.017437	4.424636	7.139005	0.004291	0.5
79	-0.025554	5.422751	6.869330	0.005115	0.3
80	-0.020486	6.228738	6.665994	0.007640	0.4
81	-0.026939	6.933683	6.497768	0.023538	0.4
82	-0.031820	6.011428	6.719622	0.007658	0.7
83	-0.016278	5.089071	6.957189	0.007975	0.4
84	-0.022905	4.170093	7.211201	0.001123	0.4
85	-0.027544	4.618429	7.085001	0.011766	0.4
86	-0.022843	4.997795	6.981615	0.003307	0.4
87	-0.016510	5.779581	6.777798	0.005191	0.3
88	-0.028482	5.207710	6.925695	0.008282	0.3
89	-0.040715	4.939907	6.997195	0.007111	0.4
90	-0.027494	4.035538	7.249958	0.007335	0.4
91	-0.018566	3.185021	7.504918	0.022809	0.4
92	-0.025495	4.185021	7.206927	0.003970	0.4
93	-0.036614	3.263304	7.480704	0.008759	0.4
94	-0.020026	3.931252	7.280284	0.005627	0.5
95	-0.016324	4.909794	7.005328	0.009333	0.4
96	-0.023788	5.038120	6.970803	0.008251	0.4
97	-0.050663	6.032565	6.714368	0.004596	0.6
98	-0.014779	6.674929	6.558521	0.005928	0.3
99	-0.026927	5.872735	6.754303	0.009407	0.4
100	-0.024277	6.710685	6.550058	0.009973	0.4
101	-0.025315	5.788447	6.775555	0.005766	0.4
102	-0.016733	6.531801	6.592616	0.004053	0.4
103	-0.019940	6.292009	6.650540	0.007920	0.4
104	-0.028736	6.919948	6.500965	0.007871	0.5
105	-0.021013	7.913465	6.277580	0.008510	0.4
106	-0.034169	8.911063	6.068209	0.007260	0.4
107	-0.019143	8.016855	6.255213	0.006859	0.4
108	-0.025559	8.950725	6.060174	0.009126	0.4
109	-0.012528	8.034109	6.251495	0.012997	0.4
110	-0.022568	9.024671	6.045248	0.003431	0.4
111	-0.025886	8.623588	6.127097	0.004533	0.3
112	-0.023936	9.242931	6.001621	0.004911	0.4
113	-0.037504	8.493916	6.154035	0.002384	0.4
114	-0.023952	8.011421	6.256384	0.005169	0.4
115	-0.011486	8.552205	6.141897	0.008480	0.4
116	-0.018481	7.646559	6.336070	0.004445	0.4
117	-0.031397	8.621900	6.127446	0.006232	0.4
118	-0.021339	9.286888	5.992910	0.008092	0.4
119	-0.029406	8.375016	6.178945	0.011726	0.8
120	-0.032296	8.039305	6.250377	0.005010	0.4
121	-0.038000	8.359218	6.182269	0.021061	0.4
122	-0.021629	8.748959	6.101275	0.003442	0.4
123	-0.029739	8.692101	6.112959	0.002860	0.4
124	-0.022438	8.736065	6.103921	0.004381	0.4
125	-0.025044	8.164540	6.223537	0.017741	0.4
126	-0.028401	7.258666	6.423042	0.024644	0.3
127	-0.029500	8.258666	6.203516	0.007449	0.4
128	-0.028504	7.336311	6.405442	0.011950	0.6
129	-0.024730	8.336149	6.187131	0.010382	0.4
130	-0.028911	9.336144	5.983179	0.016582	0.4
131	-0.027574	10.336122	5.792248	0.006710	0.4
132	-0.026015	9.413805	5.967902	0.006574	0.4
133	-0.031799	8.501082	6.152540	0.004116	0.3
134	-0.025819	7.663443	6.332338	0.009905	0.4
135	-0.019955	7.110414	6.456917	0.002035	0.3
136	-0.026809	7.350024	6.402344	0.004431	0.4
137	-0.019247	7.503061	6.367969	0.005957	0.4
138	-0.024338	6.809421	6.526802	0.007458	0.4
139	-0.020665	7.704593	6.323260	0.008462	0.4
140	-0.024120	7.144864	6.449013	0.003210	0.3
141	-0.026849	7.908514	6.278655	0.006415	0.5
142	-0.023873	7.242497	6.426719	0.011456	0.4
143	-0.018000	7.260251	6.422682	0.002939	0.4
144	-0.026310	7.315245	6.410207	0.004515	0.4
145	-0.037945	7.548508	6.357831	0.003768	0.4
146	-0.027624	8.115917	6.233930	0.006412	0.3
147	-0.018317	8.892159	6.072047	0.006444	0.4
148	-0.033459	9.855307	5.882508	0.011903	0.4
149	-0.023058	10.080183	5.839946	0.007947	0.4
150	-0.029710	9.356489	5.979170	0.007167	0.4
151	-0.032975	8.588310	6.134402	0.013868	0.4
152	-0.034875	7.666002	6.331772	0.010534	0.4
153	-0.022270	6.746235	6.541666	0.019209	0.3
154	-0.025481	7.746235	6.314100	0.008658	0.4
155	-0.026584	6.823880	6.523411	0.009654	0.4
156	-0.036543	7.805238	6.301166	0.009039	0.3
157	-0.006512	6.885163	6.509074	0.002714	0.4
158	-0.025853	7.196847	6.437124	0.003096	0.4
159	-0.027870	7.477999	6.373573	0.009618	0.3
160	-0.030589	8.118185	6.233445	0.007667	0.3
161	-0.030293	8.664044	6.118741	0.004693	0.5
162	-0.025760	9.143248	6.021468	0.015683	0.4
163	-0.023958	8.613838	6.129114	0.011509	0.3
164	-0.028171	9.613835	5.928907	0.002986	0.3
165	-0.026171	10.037930	5.847896	0.003513	0.4
166	-0.036786	9.702363	5.911812	0.008555	0.4
167	-0.029600	10.548099	5.753329	0.013438	0.5
168	-0.028322	9.626568	5.926442	0.023866	0.5
169	-0.039540	10.626568	5.739054	0.006375	0.5
170	-0.037804	11.626567	5.563153	0.006199	0.4
171	-0.033402	12.005359	5.499307	0.010613	0.4
172	-0.034954	11.993087	5.501352	0.004881	0.4
173	-0.027768	12.965918	5.343786	0.005690	0.4
174	-0.022395	13.854083	5.207614	0.007039	0.4
175	-0.017309	13.092476	5.323949	0.005948	0.4
176	-0.019940	13.751721	5.222953	0.009842	0.5
177	-0.014821	14.749372	5.077197	0.009032	0.5
178	-0.019681	15.739223	4.940404	0.002480	0.4
179	-0.025979	15.205326	5.013257	0.007821	0.4
180	-0.026774	14.932949	5.051258	0.012276	0.4
181	-0.041613	14.010615	5.184330	0.003548	0.4
182	-0.028917	13.103368	5.322248	0.009076	0.4
183	-0.042187	12.244295	5.459782	0.005368	0.5
184	-0.024042	12.813319	5.367902	0.003879	0.4
185	-0.021675	12.450958	5.426051	0.012843	0.4
186	-0.019951	11.535173	5.578781	0.005415	0.4
187	-0.026906	12.527747	5.413623	0.013065	0.4
188	-0.016075	13.401201	5.276170	0.004374	0.5
189	-0.019725	12.483053	5.420850	0.024622	0.5
190	-0.025145	11.579504	5.571190	0.012957	0.4
191	-0.044508	12.579498	5.405280	0.008550	0.4
192	-0.016318	13.101621	5.322521	0.004999	0.4
193	-0.031608	12.287858	5.452637	0.024013	1.1
194	-0.027809	13.287851	5.293612	0.008516	0.5
195	-0.023891	12.365494	5.439949	0.003774	0.5
196	-0.016797	12.026650	5.495762	0.009594	0.5
197	-0.019504	11.698659	5.550888	0.006333	0.4
198	-0.028148	10.845295	5.699636	0.007030	0.5
199	-0.023951	10.173407	5.822482	0.012840	0.4
200	-0.020889	9.348585	5.980727	0.005550	0.4
201	-0.007564	8.427292	6.167968	0.003343	0.4
202	-0.018165	7.976984	6.263819	0.003926	0.5
203	-0.027524	8.424856	6.168479	0.010043	0.4
204	-0.019950	7.581312	6.350534	0.008779	0.4
205	-0.033705	6.700158	6.552547	0.012289	0.4
206	-0.026750	5.778163	6.778157	0.011094	0.4
207	-0.028441	4.856087	7.019879	0.009981	0.5
208	-0.019732	5.856079	6.758492	0.009636	0.4
209	-0.024251	4.933996	6.998790	0.004821	0.5
210	-0.016281	5.895430	6.748604	0.025264	0.4
211	-0.027684	4.973076	6.988260	0.024690	0.4
212	-0.021470	4.050718	7.245564	0.024555	0.4
213	-0.019587	5.050718	6.967431	0.009170	0.4
214	-0.022913	4.128361	7.223177	0.012193	0.7
215	-0.015355	3.206017	7.498408	0.007924	0.3
216	-0.043790	4.205896	7.200958	0.004940	0.3
217	-0.030044	5.077091	6.960385	0.006507	0.4
218	-0.026191	5.193729	6.929391	0.003157	0.3
219	-0.033097	5.021009	6.975387	0.021514	0.3
220	-0.037492	6.008867	6.720259	0.020185	0.4
221	-0.016944	7.008867	6.480326	0.013131	0.7
222	-0.018505	8.008867	6.256935	0.009846	0.4
223	-0.023578	7.853067	6.290721	0.006630	0.4
224	-0.033269	8.851624	6.080292	0.010630	0.3
225	-0.030577	9.812978	5.890589	0.006227	0.4
226	-0.030778	8.893562	6.071762	0.010916	0.4
227	-0.018668	9.881157	5.877584	0.007205	0.4
228	-0.018546	10.521878	5.758115	0.010562	0.4
229	-0.031515	11.411640	5.600043	0.015614	0.5
230	-0.017161	12.411640	5.432436	0.012476	0.4
231	-0.032136	11.489283	5.586661	0.017129	0.4
232	-0.024829	10.566939	5.749895	0.005648	0.4
233	-0.024053	9.644618	5.922952	0.004523	0.4
234	-0.032857	9.174058	6.015319	0.008667	0.4
235	-0.027082	9.147935	6.020532	0.010706	0.4
236	-0.023427	10.147755	5.827277	0.001856	0.4
237	-0.042715	9.938502	5.866690	0.011854	0.4
238	-0.014815	9.414184	5.967827	0.001693	0.4
239	-0.018599	9.393322	5.971924	0.009707	0.3
240	-0.046418	9.247219	6.000770	0.029718	0.4
241	-0.022619	10.247217	5.808728	0.007604	0.4
242	-0.038164	9.324859	5.985406	0.012254	0.4
243	-0.017986	10.323334	5.794613	0.006784	0.3
244	-0.025661	11.320986	5.615751	0.014186	0.4
245	-0.020683	10.398662	5.780711	0.005911	0.4
246	-0.024523	11.336988	5.612972	0.005848	0.4
247	-0.030179	10.635162	5.737495	0.013315	0.4
248	-0.034168	11.578992	5.571277	0.012644	0.4
249	-0.019446	12.578684	5.405411	0.012846	0.5
250	-0.029539	11.656326	5.558084	0.008043	0.4
251	-0.031025	12.649412	5.394049	0.008937	0.4
252	-0.024613	12.080745	5.486775	0.012049	0.4
253	-0.025845	13.080314	5.325849	0.008694	0.4
254	-0.028704	12.234418	5.461404	0.016102	0.3
255	-0.022745	11.375785	5.606245	0.011345	0.3
256	-0.028928	12.375780	5.438273	0.005887	0.3
257	-0.033717	11.461701	5.591407	0.005383	0.3
258	-0.018441	12.098845	5.483774	0.004873	0.4
259	-0.021374	11.551033	5.576062	0.000662	0.4
260	-0.029264	11.628285	5.562860	0.014818	0.4
261	-0.030976	11.818498	5.530619	0.011948	0.4
262	-0.022130	10.896141	5.690550	0.017530	0.4
263	-0.051335	10.171383	5.822860	0.014442	0.8
264	-0.018642	11.171383	5.641865	0.001857	0.4
265	-0.035720	11.305502	5.618442	0.006102	0.4
266	-0.023151	11.345459	5.611502	0.001995	0.4
267	-0.035516	10.931156	5.684310	0.014023	0.4
268	-0.017407	11.726716	5.546129	0.015094	0.5
269	-0.029439	12.726716	5.381686	0.006860	0.4
270	-0.024503	12.196478	5.467646	0.016890	0.4
271	-0.034145	13.194163	5.308116	0.007289	0.4
272	-0.023175	14.194162	5.157293	0.005183	0.4
273	-0.047537	13.544794	5.254239	0.012752	0.4
274	-0.029498	12.642820	5.395106	0.003698	0.4
275	-0.033260	12.708680	5.384566	0.017641	0.6
276	-0.044167	13.389933	5.277899	0.010449	0.4
277	-0.027872	14.389933	5.128763	0.010576	0.4
278	-0.041620	13.467696	5.265991	0.012856	0.4
279	-0.026475	13.908595	5.199481	0.001946	0.3
280	-0.031948	13.503213	5.260571	0.007925	0.4
281	-0.026827	13.954121	5.192710	0.017245	0.4
282	-0.016550	14.952068	5.048572	0.006663	0.4
283	-0.027120	14.031824	5.181192	0.006038	0.5
284	-0.014774	13.471388	5.265428	0.005224	0.4
285	-0.031315	12.602458	5.401587	0.005975	0.5
286	-0.011504	13.450890	5.268560	0.007125	0.4
287	-0.035575	14.341273	5.135825	0.025926	0.4
288	-0.031583	15.341268	4.994504	0.004593	0.4
289	-0.016495	16.341253	4.860753	0.006480	0.4
290	-0.036347	17.241373	4.746341	0.015962	0.4
291	-0.025626	16.319161	4.863630	0.010661	0.4
292	-0.038216	17.319155	4.736707	0.008650	0.4
293	-0.032728	18.318942	4.616263	0.010683	0.4
294	-0.027543	18.402563	4.606467	0.010794	0.4
295	-0.034565	19.402560	4.492453	0.009879	0.4
296	-0.031388	20.395885	4.384653	0.023121	0.3
297	-0.041083	19.473528	4.484576	0.018268	0.4
298	-0.015905	18.551171	4.589159	0.017349	0.7
299	-0.038342	17.628814	4.698736	0.011426	0.6
300	-0.027413	18.628808	4.580168	0.008323	0.4
301	-0.035124	17.709046	4.688997	0.007651	0.3
302	-0.023961	18.413205	4.605223	0.004220	0.4
303	-0.025426	19.314364	4.502281	0.007952	0.4
304	-0.035764	20.266457	4.398405	0.021251	0.4
305	-0.021090	19.347773	4.498553	0.013594	0.4
306	-0.025210	20.347543	4.389779	0.003115	0.4
307	-0.020006	20.580280	4.365209	0.009659	0.4
308	-0.018583	21.047921	4.316660	0.023004	0.4
309	-0.027864	20.125563	4.413474	0.005340	0.4
310	-0.029536	21.125553	4.308705	0.026860	0.4
311	-0.028289	20.203197	4.405158	0.004967	0.5
312	-0.024572	19.381119	4.494838	0.005161	0.5
313	-0.024675	19.794149	4.449329	0.010732	0.4
314	-0.036950	18.879340	4.551394	0.016802	0.4
315	-0.021306	17.956983	4.659154	0.007023	0.4
316	-0.035974	17.034811	4.772118	0.009111	0.4
317	-0.032727	16.126270	4.888899	0.018498	0.4
318	-0.022620	17.126270	4.760670	0.005676	0.3
319	-0.012984	18.098309	4.642313	0.006445	0.3
320	-0.054057	19.051265	4.531857	0.032603	0.4
321	-0.035005	18.671874	4.575196	0.009461	0.4
322	-0.026168	17.749894	4.684054	0.009082	0.4
323	-0.037303	16.827809	4.798232	0.008500	0.4
324	-0.034871	15.905645	4.918125	0.005012	0.4
325	-0.037276	16.174697	4.882531	0.005991	0.4
326	-0.024591	15.339949	4.994685	0.012387	0.4
327	-0.029420	16.338076	4.861166	0.003735	0.3
328	-0.022191	17.301394	4.738903	0.016850	0.4
329	-0.024592	18.269872	4.622032	0.008886	0.3
330	-0.026297	17.347710	4.733180	0.014493	0.3
331	-0.036002	16.425354	4.849830	0.003178	0.4
332	-0.034207	16.380262	4.855680	0.017503	0.4
333	-0.021629	17.311567	4.737645	0.004862	0.5
334	-0.025931	18.311397	4.617149	0.011244	0.3
335	-0.021202	17.427244	4.723383	0.007311	0.4
336	-0.028592	16.928180	4.785534	0.013214	0.6
337	-0.030950	16.018027	4.903195	0.009783	0.4
338	-0.025703	17.017626	4.774275	0.006463	0.4
339	-0.038713	16.128832	4.888562	0.014196	0.4
340	-0.027458	15.206656	5.013073	0.009739	0.4
341	-0.029510	14.284299	5.144118	0.006771	0.7
342	-0.027866	13.824756	5.211999	0.004059	0.5
343	-0.022829	13.529319	5.256594	0.004481	0.4
344	-0.024168	13.914855	5.198549	0.024939	0.3
345	-0.029948	12.994523	5.339289	0.004170	0.4
346	-0.035877	12.433281	5.428920	0.011634	0.4
347	-0.017070	11.819384	5.530469	0.008279	0.4
348	-0.037767	11.021142	5.668336	0.025945	0.4
349	-0.039504	10.107103	5.834892	0.003381	0.4
350	-0.022280	11.106518	5.653263	0.017510	0.4
351	-0.033688	10.197851	5.817920	0.018140	0.4
352	-0.026042	9.275493	5.995166	0.015488	0.3
353	-0.021585	10.275493	5.803477	0.016828	0.3
354	-0.027819	11.275493	5.623666	0.006558	0.3
355	-0.029491	12.069119	5.488704	0.008534	0.4
356	-0.023704	12.894997	5.354967	0.017279	0.4
357	-0.021967	13.894997	5.201508	0.004207	0.4
358	-0.018792	14.893180	5.056855	0.009359	0.4
359	-0.039174	15.871688	4.922655	0.005272	0.4
360	-0.022911	14.965793	5.046645	0.007335	0.3
361	-0.015245	15.932971	4.914487	0.004358	0.4
362	-0.041085	15.114185	5.025909	0.004238	0.4
363	-0.035623	14.702443	5.083870	0.012583	0.4
364	-0.024883	15.500973	4.972651	0.007629	0.4
365	-0.019339	16.500139	4.840158	0.012225	0.4
366	-0.026157	15.577834	4.962202	0.010102	0.4
367	-0.011066	16.560854	4.832334	0.003752	0.4
368	-0.018781	17.366002	4.730923	0.005225	0.4
369	-0.034242	17.186212	4.753197	0.006933	0.7
370	-0.030180	16.355933	4.858843	0.010581	0.4
371	-0.029657	17.320401	4.736553	0.006567	0.5
372	-0.044603	18.318262	4.616343	0.014467	0.4
373	-0.029382	19.318221	4.501850	0.007712	0.4
374	-0.029785	20.318190	4.392898	0.014679	0.5
375	-0.038873	21.318163	4.289094	0.008203	0.4
376	-0.039333	20.395807	4.384661	0.012740	0.3
377	-0.027586	21.395793	4.281241	0.026067	0.3
378	-0.021014	20.473435	4.376454	0.012910	0.4
379	-0.035415	21.473435	4.273415	0.003769	0.4
380	-0.020270	22.451898	4.177185	0.012077	0.6
381	-0.021267	21.649032	4.255820	0.009427	0.4
382	-0.030365	22.648706	4.158350	0.011544	0.4
383	-0.020864	21.922677	4.228688	0.017104	0.3
384	-0.012685	21.000325	4.321552	0.009583	0.5
385	-0.024256	20.283076	4.396635	0.033048	0.5
386	-0.027149	19.360803	4.497101	0.020506	0.4
387	-0.036185	20.360803	4.388372	0.011668	0.4
388	-0.022747	21.360590	4.284799	0.009409	0.4
389	-0.027440	20.441615	4.379815	0.010239	0.4
390	-0.029669	19.521930	4.479219	0.005798	0.4
391	-0.023482	18.624055	4.580717	0.013506	0.4
392	-0.021241	19.541491	4.477058	0.008793	0.3
393	-0.026836	18.619610	4.581231	0.010710	0.4
394	-0.026777	19.619414	4.468469	0.005547	0.3
395	-0.030466	18.708579	4.570967	0.004900	0.4
396	-0.028053	19.400562	4.492675	0.010735	0.4
397	-0.024512	18.633071	4.579675	0.021315	0.3
398	-0.035742	19.633071	4.466967	0.013591	0.4
399	-0.026933	20.633071	4.359673	0.005842	0.4
400	-0.017359	20.006544	4.426284	0.007244	0.4
401	-0.030817	19.127230	4.523277	0.007068	0.4
402	-0.026715	18.211169	4.628951	0.009867	0.4
403	-0.017573	17.673558	4.693300	0.008385	0.4
404	-0.034348	16.751383	4.807946	0.009608	0.4
405	-0.028037	15.830481	4.928162	0.014153	0.4
406	-0.032733	16.830404	4.797903	0.015295	0.4
407	-0.024564	17.830404	4.674342	0.009770	0.4
408	-0.018053	18.828688	4.557182	0.004364	0.4
409	-0.025385	17.996119	4.654478	0.028303	0.4
410	-0.030790	18.996098	4.538108	0.031297	0.4
411	-0.024291	19.996098	4.427411	0.006762	0.4
412	-0.020050	20.970288	4.324645	0.007606	0.4
413	-0.020513	21.963432	4.224676	0.015623	0.7
414	-0.029341	21.041078	4.317363	0.012738	0.4
415	-0.039828	20.118845	4.414195	0.017487	0.4
416	-0.029838	21.118845	4.309392	0.029500	0.3
417	-0.042030	20.196488	4.405875	0.005358	0.4
418	-0.024821	20.454519	4.378451	0.003658	0.4
419	-0.023292	19.821217	4.446379	0.018122	0.4
420	-0.016369	18.981395	4.539776	0.008291	0.4
421	-0.015791	19.981395	4.429000	0.002169	0.4
422	-0.043988	20.599706	4.363170	0.001666	0.3
423	-0.018163	20.593250	4.363847	0.002652	0.4
424	-0.019538	20.697414	4.352946	0.009408	0.3
425	-0.028986	21.462479	4.274517	0.004499	0.5
426	-0.028267	22.262321	4.195489	0.001679	0.3
427	-0.028565	22.343007	4.187679	0.016636	0.4
428	-0.034522	22.653114	4.157930	0.004986	0.4
429	-0.029821	23.652676	4.064854	0.017237	0.4
430	-0.026196	23.156177	4.110560	0.021163	0.4
431	-0.016834	22.233820	4.198255	0.007992	0.4
432	-0.036142	21.311462	4.289774	0.015628	0.4
433	-0.031111	20.389106	4.385371	0.009199	0.4
434	-0.031629	19.709272	4.458606	0.012938	0.4
435	-0.016254	18.803627	4.560052	0.007810	0.4
436	-0.032044	19.803456	4.448314	0.006780	0.4
437	-0.020275	20.770668	4.345312	0.004875	0.8
438	-0.026050	20.492981	4.374393	0.012389	0.4
439	-0.027683	19.584427	4.472321	0.004787	0.4
440	-0.029724	19.314735	4.502240	0.012740	0.4
441	-0.018776	20.285362	4.396391	0.007306	0.4
442	-0.014653	20.179849	4.407656	0.005949	0.3
443	-0.027593	20.765216	4.345880	0.021079	0.4
444	-0.025426	19.842859	4.444023	0.018045	0.4
445	-0.025159	20.842859	4.337815	0.008966	0.4
446	-0.023896	21.842789	4.236573	0.005977	0.4
447	-0.030464	21.155815	4.305612	0.029992	0.4
448	-0.025090	20.233978	4.401870	0.006313	0.4
449	-0.032624	21.233974	4.297644	0.014960	0.4
450	-0.025984	21.738356	4.246925	0.015816	0.4
451	-0.021998	20.815998	4.340602	0.005253	0.4
452	-0.025277	20.877075	4.334271	0.005362	0.6
453	-0.011100	21.389209	4.281906	0.024316	0.4
454	-0.038267	22.389208	4.183220	0.006169	0.4
455	-0.036615	21.776219	4.243166	0.014749	0.4
456	-0.031378	20.858731	4.336170	0.009221	0.4
457	-0.028665	19.936402	4.433868	0.008403	0.3
458	-0.022711	20.902669	4.331624	0.008767	0.5
459	-0.030130	20.003888	4.426570	0.018576	0.5
460	-0.017058	21.003832	4.321191	0.008284	0.4
461	-0.029063	21.997118	4.221367	0.004947	0.4
462	-0.043142	21.264993	4.294490	0.020621	0.6
463	-0.017213	20.343821	4.390175	0.007722	0.4
464	-0.038786	19.421464	4.490352	0.022282	0.4
465	-0.031278	18.499150	4.595203	0.013324	0.4
466	-0.026146	17.576793	4.705072	0.008195	0.4
467	-0.023178	16.654469	4.820320	0.009655	0.3
468	-0.032714	15.733044	4.941235	0.008697	0.4
469	-0.032180	16.411623	4.851610	0.012851	0.4
470	-0.025556	15.495374	4.973414	0.017650	0.3
471	-0.035431	14.573062	5.102361	0.020294	0.4
472	-0.021739	14.971137	5.045895	0.012958	0.4
473	-0.015304	14.048779	5.178685	0.004794	0.4
474	-0.022739	13.131516	5.317859	0.004180	0.4
475	-0.040302	12.752652	5.377551	0.008522	0.4
476	-0.039596	11.876010	5.520944	0.005641	0.5
477	-0.015939	12.661433	5.392123	0.001328	0.3
478	-0.026635	12.906004	5.353229	0.009434	0.3
479	-0.017384	12.324924	5.446572	0.011535	0.4
480	-0.020575	11.402717	5.601586	0.022525	0.4
481	-0.033798	12.402717	5.433887	0.007889	0.4
482	-0.034070	11.480360	5.588195	0.016415	0.3
483	-0.041723	12.480358	5.421286	0.008739	0.4
484	-0.024060	11.558001	5.574869	0.002972	0.3
485	-0.016235	10.966318	5.678058	0.005520	0.4
486	-0.042921	10.924746	5.685452	0.005662	0.3
487	-0.032901	11.690656	5.552247	0.013926	0.4
488	-0.032392	12.690441	5.387481	0.010663	0.3
489	-0.018968	11.768084	5.539128	0.007886	0.4
490	-0.027007	11.863708	5.523010	0.006410	0.3
491	-0.027398	11.220082	5.633337	0.012308	0.3
492	-0.028455	12.151130	5.475125	0.021868	0.3
493	-0.037863	13.151130	5.314805	0.014891	0.4
494	-0.025519	12.228772	5.462332	0.017023	0.4
495	-0.030535	11.306415	5.618283	0.029612	0.4
496	-0.014653	10.384057	5.783401	0.007020	0.4
497	-0.032380	11.384057	5.604813	0.004357	0.4
498	-0.039153	11.528063	5.580000	0.011940	0.5
499	-0.033408	12.495955	5.418762	0.022305	0.4
500	-0.028446	11.573597	5.572200	0.015565	0.4
501	-0.044068	12.573597	5.406230	0.018073	0.4
502	-0.031854	13.573597	5.249861	0.006793	0.3
503	-0.037226	12.652389	5.393572	0.027393	0.4
504	-0.029045	13.652389	5.237924	0.014295	0.4
505	-0.043316	12.730032	5.381157	0.013633	0.4
506	-0.014421	13.730031	5.226215	0.003676	0.4
507	-0.034152	14.600920	5.098368	0.007183	0.4
508	-0.021162	15.301051	5.000037	0.004365	0.3
509	-0.021077	16.163366	4.884019	0.003141	0.4
510	-0.026468	15.896897	4.919292	0.003985	0.4
511	-0.017691	15.666015	4.950268	0.006649	0.4
512	-0.028893	14.976380	5.045160	0.004771	0.4
513	-0.025410	14.180583	5.159283	0.012098	0.3
514	-0.028727	15.168870	5.018310	0.011234	0.4
515	-0.034553	16.086920	4.894086	0.010625	0.3
516	-0.034058	15.269183	5.004430	0.018274	0.4
517	-0.023785	14.346829	5.135018	0.001467	0.4
518	-0.023752	13.630020	5.241308	0.014409	0.4
519	-0.019694	14.268554	5.146414	0.004522	0.4
520	-0.033439	13.348503	5.284265	0.005401	0.4
521	-0.025218	14.138315	5.165489	0.011254	0.3
522	-0.030164	13.909687	5.199319	0.008597	0.3
523	-0.032706	13.879333	5.203844	0.013795	0.4
524	-0.023231	14.878650	5.058903	0.006895	0.4
525	-0.034387	13.956375	5.192375	0.010708	0.3
526	-0.014235	13.714488	5.228555	0.014036	0.4
527	-0.031656	14.714486	5.082156	0.025154	0.4
528	-0.039878	13.792128	5.216887	0.013098	0.3
529	-0.020113	12.869771	5.358956	0.018238	0.4
530	-0.027064	11.948080	5.508867	0.008294	0.4
531	-0.019667	11.025725	5.667525	0.009685	0.4
532	-0.032233	10.103524	5.835564	0.002352	0.4
533	-0.022726	10.879939	5.693442	0.026120	0.4
534	-0.022342	9.964647	5.861736	0.014170	0.4
535	-0.024407	10.964647	5.678354	0.008068	0.4
536	-0.035884	11.964415	5.506137	0.019187	0.3
537	-0.027215	12.964413	5.344023	0.011753	0.3
538	-0.016633	13.964413	5.191181	0.009198	0.5
539	-0.032003	13.057805	5.329369	0.010724	0.5
540	-0.034797	12.135718	5.477672	0.011777	0.5
541	-0.028058	13.135716	5.317205	0.008864	0.4
542	-0.026359	12.213987	5.464764	0.014790	0.4
543	-0.021706	11.292736	5.620663	0.015977	0.4
544	-0.019713	12.292736	5.451838	0.016755	0.5
545	-0.028978	13.292736	5.292858	0.009868	0.3
546	-0.024242	14.279031	5.144886	0.010262	0.4
547	-0.026419	15.254288	5.006486	0.015416	0.4
548	-0.035292	14.393636	5.128227	0.007672	0.4
549	-0.033866	15.390236	4.987783	0.020957	0.3
550	-0.023978	16.390098	4.854403	0.002789	0.3
551	-0.034460	15.766215	4.936777	0.007007	0.3
552	-0.017243	15.063987	5.032904	0.010525	0.5
553	-0.022218	15.300574	5.000103	0.007046	0.4
554	-0.026681	16.299828	4.866151	0.006258	0.4
555	-0.033951	16.862772	4.793801	0.008373	0.4
556	-0.029668	16.111122	4.890895	0.002761	0.3
557	-0.021752	16.373242	4.856592	0.005048	0.4
558	-0.027877	16.019847	4.902954	0.015299	0.3
559	-0.031462	17.019089	4.774091	0.002098	0.3
560	-0.033752	16.493643	4.840997	0.002981	0.3
561	-0.020468	16.719220	4.812045	0.006799	0.4
562	-0.021084	16.581331	4.829701	0.000354	0.3
563	-0.030185	16.617146	4.825103	0.007193	0.3
564	-0.034559	16.675766	4.817595	0.018564	0.4
565	-0.026770	17.588788	4.703610	0.018631	0.4
566	-0.018952	16.745438	4.808703	0.012740	0.5
567	-0.030368	17.745438	4.684593	0.012573	0.4
568	-0.032824	18.745366	4.566736	0.019703	0.4
569	-0.014311	19.745366	4.454656	0.001341	0.3
570	-0.024180	19.492623	4.482461	0.011241	0.4
571	-0.041296	19.778825	4.451001	0.013114	0.3
572	-0.033267	18.856543	4.553997	0.015468	0.4
573	-0.023000	19.856541	4.442535	0.006241	0.4
574	-0.017629	20.829055	4.339247	0.014069	0.4
575	-0.039791	21.828873	4.237949	0.009420	0.4
576	-0.020765	20.926820	4.329129	0.023698	0.4
577	-0.023835	21.926815	4.228280	0.007884	0.4
578	-0.039067	21.004458	4.321127	0.016523	0.7
579	-0.029484	21.514307	4.269306	0.005643	0.4
580	-0.020757	20.592655	4.363910	0.006676	0.4
581	-0.020098	20.564824	4.366832	0.005887	0.4
582	-0.028026	20.436249	4.380382	0.004013	0.3
583	-0.033693	19.715402	4.457934	0.010469	0.4
584	-0.035123	20.565914	4.366717	0.016773	0.3
585	-0.025544	21.565914	4.264130	0.010082	0.4
586	-0.023376	22.565913	4.166253	0.002877	0.4
587	-0.038590	23.117234	4.114188	0.013576	0.3
588	-0.025115	22.366887	4.185373	0.012365	0.4
589	-0.022345	23.366849	4.091041	0.007255	0.4
590	-0.028726	24.361893	4.001301	0.003977	0.4
591	-0.011351	25.292037	3.920903	0.002779	0.4
592	-0.022041	24.813519	3.961857	0.001711	0.3
593	-0.023414	24.834421	3.960050	0.006279	0.6
594	-0.032681	25.141814	3.933668	0.008198	0.5
595	-0.021471	26.091340	3.854352	0.013257	0.3
596	-0.020065	27.088603	3.774420	0.008340	0.3
597	-0.022201	26.166354	3.848222	0.003397	0.3
598	-0.026351	27.071331	3.775776	0.004013	0.4
599	-0.017053	26.547095	3.817407	0.005105	0.4
600	-0.012995	26.923343	3.787436	0.006977	0.6
601	-0.019175	26.206178	3.844975	0.011342	0.3
602	-0.022380	25.288572	3.921197	0.009951	0.4
603	-0.037136	24.368042	4.000759	0.009944	0.3
604	-0.038826	23.801487	4.051352	0.006322	0.4
605	-0.027128	23.894889	4.042923	0.003365	0.4
606	-0.017724	24.125087	4.022299	0.014094	0.4
607	-0.039519	24.992129	3.946471	0.016649	0.3
608	-0.016306	25.991019	3.862581	0.006942	0.4
609	-0.029788	26.707078	3.804605	0.009188	0.3
610	-0.023616	27.553296	3.738296	0.004665	0.3
611	-0.014538	26.748428	3.801310	0.006688	0.3
612	-0.033586	27.198132	3.765843	0.005093	0.4
613	-0.020967	26.324236	3.835384	0.017387	0.4
614	-0.025215	25.409102	3.911013	0.006324	0.7
615	-0.022325	26.367848	3.831852	0.013268	0.4
616	-0.020288	25.512040	3.902357	0.004476	0.3
617	-0.025582	24.594471	3.980890	0.006376	0.4
618	-0.024147	24.259568	4.010348	0.003670	0.6
619	-0.027766	24.821161	3.961196	0.013323	0.3
620	-0.032106	25.778175	3.880156	0.006532	0.3
621	-0.030874	26.118072	3.852165	0.005442	0.4
622	-0.026858	25.222133	3.926833	0.009063	0.4
623	-0.025153	26.162011	3.848576	0.003996	0.4
624	-0.032359	27.101833	3.773382	0.010489	0.4
625	-0.027706	26.977592	3.783153	0.014919	0.4
626	-0.013271	27.977592	3.705911	0.006980	0.4
627	-0.032141	27.055244	3.777040	0.010452	0.4
628	-0.036166	28.027594	3.702131	0.009046	0.3
629	-0.035319	27.105813	3.773070	0.009418	0.3
630	-0.027896	28.097032	3.696895	0.021308	0.3
631	-0.019549	29.097032	3.623101	0.016018	0.3
632	-0.034138	28.174675	3.691058	0.004643	0.4
633	-0.026346	28.756703	3.647882	0.004373	0.4
634	-0.034642	29.177205	3.617312	0.009312	0.4
635	-0.018965	30.003210	3.558729	0.022605	0.3
636	-0.032003	29.080853	3.624271	0.005998	0.3
637	-0.013947	28.191529	3.689794	0.008544	0.4
638	-0.022863	28.499843	3.666812	0.002407	0.4
639	-0.022734	28.996732	3.630369	0.012123	0.4
640	-0.018030	29.621301	3.585577	0.009531	0.4
641	-0.031007	30.621277	3.516120	0.006151	0.4
642	-0.024214	29.721885	3.578467	0.016851	0.4
643	-0.025445	30.705806	3.510372	0.006711	0.4
644	-0.033565	29.785487	3.573986	0.014350	0.3
645	-0.032263	30.785420	3.504975	0.009734	0.4
646	-0.034741	29.863152	3.568528	0.015450	0.4
647	-0.014552	28.940815	3.634434	0.006986	0.4
648	-0.012376	28.033016	3.701722	0.004812	0.4
649	-0.031657	27.842992	3.716124	0.009228	0.4
650	-0.030184	28.830697	3.642466	0.018159	0.4
651	-0.018524	29.830689	3.570807	0.003130	0.4
652	-0.022698	29.448406	3.597866	0.012209	0.3
653	-0.030489	29.158692	3.618647	0.012448	0.4
654	-0.026723	30.158692	3.547913	0.005251	0.4
655	-0.024039	29.375954	3.603040	0.018301	0.4
656	-0.040257	30.373468	3.533080	0.016961	0.3
657	-0.013684	31.373468	3.465621	0.010513	0.5
658	-0.039199	30.804783	3.503665	0.019299	0.4
659	-0.019728	31.804783	3.437314	0.006169	0.4
660	-0.031665	30.885110	3.498241	0.024671	0.4
661	-0.026960	31.308782	3.469907	0.004096	0.4
662	-0.037364	30.386469	3.532187	0.020142	0.5
663	-0.027549	29.465990	3.596612	0.003589	0.4
664	-0.041716	29.640024	3.584252	0.025294	0.4
665	-0.030270	30.630920	3.515463	0.011398	0.4
666	-0.023395	29.708563	3.579407	0.009999	0.4
667	-0.036828	28.786208	3.645720	0.003228	0.3
668	-0.044003	28.451523	3.670394	0.013202	0.3
669	-0.016097	29.422993	3.599679	0.003567	0.4
670	-0.025790	28.507666	3.666232	0.009463	0.4
671	-0.029690	28.049813	3.700454	0.004893	0.4
672	-0.030974	29.037566	3.627407	0.007828	0.4
673	-0.023891	28.389028	3.675039	0.014683	0.4
674	-0.033868	29.386850	3.602261	0.028305	0.3
675	-0.028393	30.386850	3.532160	0.024534	0.4
676	-0.047377	31.386850	3.464736	0.009154	0.4
677	-0.027066	30.464492	3.526832	0.016641	0.4
678	-0.024025	29.542135	3.591194	0.014228	0.4
679	-0.025040	30.542135	3.521519	0.026052	0.4
680	-0.025279	31.542135	3.454496	0.015708	0.4
681	-0.008949	32.542135	3.389977	0.008321	0.4
682	-0.027687	32.304756	3.405073	0.006683	0.3
683	-0.025116	31.391242	3.464445	0.012479	0.4
684	-0.022259	30.469109	3.526515	0.008220	0.3
685	-0.032275	31.469087	3.459305	0.007853	0.4
686	-0.023164	32.467381	3.394716	0.005127	0.3
687	-0.024881	31.571042	3.452596	0.015319	0.4
688	-0.034566	30.648940	3.514237	0.008374	0.4
689	-0.024931	31.648930	3.447489	0.010905	0.3
690	-0.042590	30.726629	3.508959	0.015204	0.4
691	-0.032952	31.726629	3.442408	0.020589	0.3
692	-0.028273	32.726629	3.378336	0.014220	0.4
693	-0.022974	31.804275	3.437347	0.002086	0.4
694	-0.032672	31.009433	3.489878	0.009730	0.4
695	-0.014373	31.698111	3.444271	0.003162	0.3
696	-0.026820	31.693513	3.444572	0.003983	0.4
697	-0.026452	31.296634	3.470713	0.003838	0.3
698	-0.025487	30.871758	3.499141	0.007874	0.5
699	-0.024680	30.070391	3.554047	0.007461	0.4
700	-0.032350	31.008026	3.489973	0.008350	0.4
701	-0.026365	32.003900	3.424401	0.007921	0.4
702	-0.033433	32.470144	3.394541	0.005889	0.5
703	-0.027843	32.058256	3.420893	0.002560	0.4
704	-0.024284	32.384036	3.400016	0.003538	0.3
705	-0.030989	32.598023	3.386442	0.013674	0.3
706	-0.022913	31.726282	3.442431	0.004604	0.3
707	-0.028063	30.878267	3.498702	0.005593	0.4
708	-0.034954	30.224033	3.543387	0.003062	0.4
709	-0.025479	30.871384	3.499166	0.021915	0.4
710	-0.037128	30.052724	3.555277	0.015168	0.4
711	-0.020702	29.130366	3.620692	0.018833	0.4
712	-0.029762	30.130366	3.549879	0.015490	0.4
713	-0.029188	29.208009	3.615092	0.014391	0.3
714	-0.020592	28.285652	3.682747	0.011074	0.4
715	-0.035760	27.363294	3.752982	0.017549	0.4
716	-0.038155	28.363294	3.676955	0.016126	0.4
717	-0.019961	27.440937	3.746967	0.006107	0.4
718	-0.031715	26.518716	3.819686	0.006322	0.4
719	-0.038925	27.483190	3.743702	0.007163	0.3
720	-0.022453	27.693291	3.727548	0.008283	0.4
721	-0.027932	26.847396	3.793448	0.004357	0.3
722	-0.033229	25.994063	3.862330	0.007793	0.7
723	-0.043962	26.920206	3.787684	0.004854	0.4
724	-0.029105	26.099187	3.853710	0.007351	0.4
725	-0.025717	25.227845	3.926348	0.026915	0.4
726	-0.021126	24.325455	4.004518	0.012348	0.4
727	-0.026868	23.403098	4.087701	0.006039	0.4
728	-0.037686	23.738180	4.057085	0.007797	0.4
729	-0.024481	22.886512	4.135817	0.010768	0.3
730	-0.030950	23.885389	4.043779	0.017157	0.7
731	-0.023621	22.963032	4.128619	0.014611	0.4
732	-0.021933	22.040674	4.217095	0.007597	0.4
733	-0.032460	21.118364	4.309441	0.004547	0.4
734	-0.023346	21.509950	4.269744	0.010878	0.4
735	-0.035357	20.634936	4.359478	0.011101	0.9
736	-0.018122	19.713431	4.458150	0.005531	0.4
737	-0.022554	18.793038	4.561265	0.005544	0.4
738	-0.020623	19.586931	4.472045	0.017667	0.4
739	-0.020027	18.665060	4.575982	0.014350	0.4
740	-0.042118	17.742702	4.684923	0.009361	0.4
741	-0.036683	18.742702	4.567042	0.006993	0.4
742	-0.035561	18.994214	4.538321	0.010918	0.4
743	-0.019292	18.092760	4.642972	0.006153	0.4
744	-0.046191	17.437585	4.722112	0.012515	0.4
745	-0.027013	18.346915	4.612982	0.013348	0.3
746	-0.031447	17.424570	4.723712	0.007168	0.4
747	-0.039513	18.423959	4.603967	0.023504	0.4
748	-0.027522	17.501615	4.714259	0.011026	0.4
749	-0.035366	16.579257	4.829968	0.013884	0.4
750	-0.027511	17.578243	4.704895	0.011740	0.3
751	-0.053203	16.661442	4.819428	0.025889	0.4
752	-0.036238	17.661442	4.694770	0.018892	0.6
753	-0.037024	18.661442	4.576399	0.032936	0.4
754	-0.042342	17.739084	4.685361	0.018222	0.4
755	-0.024875	16.816727	4.799638	0.007038	0.4
756	-0.035311	17.816724	4.675990	0.009498	0.4
757	-0.035005	16.906221	4.788306	0.005172	0.3
758	-0.031429	17.518445	4.712199	0.001629	0.4
759	-0.026324	17.101087	4.763817	0.003530	0.4
760	-0.020580	16.922036	4.786309	0.003189	0.4
761	-0.037610	17.286097	4.740797	0.007080	0.4
762	-0.021877	16.846020	4.795923	0.003597	0.4
763	-0.022150	16.169994	4.883148	0.012795	0.4
764	-0.028834	15.349114	4.993426	0.012783	0.4
765	-0.043621	15.771108	4.936120	0.011096	0.4
766	-0.023241	14.848850	5.063108	0.007187	0.4
767	-0.040758	15.258434	5.005914	0.013462	0.4
768	-0.031167	14.338022	5.136297	0.019705	0.4
769	-0.030326	13.415665	5.273953	0.011478	0.3
770	-0.022898	14.415665	5.125037	0.003433	0.4
771	-0.028910	15.066632	5.032535	0.006115	0.4
772	-0.021954	15.890688	4.920120	0.009592	0.4
773	-0.038022	14.996111	5.042395	0.010501	0.4
774	-0.030803	15.192400	5.015047	0.014949	0.5
775	-0.018576	14.270677	5.146105	0.017074	0.4
776	-0.026096	15.270677	5.004224	0.021781	0.3
777	-0.038312	16.270677	4.869957	0.012556	0.3
778	-0.025040	17.270676	4.742707	0.011100	0.4
779	-0.027003	16.348319	4.859833	0.009994	0.4
780	-0.030959	15.425967	4.982890	0.005685	0.4
781	-0.018421	15.824208	4.929002	0.008262	0.4
782	-0.026958	14.919078	5.053209	0.006583	0.4
783	-0.031515	15.881974	4.921282	0.004503	0.4
784	-0.022104	16.760692	4.806760	0.005070	0.4
785	-0.026072	17.596891	4.702622	0.003555	0.4
786	-0.023133	18.244631	4.625005	0.001803	0.6
787	-0.043977	18.372170	4.610023	0.019875	0.4
788	-0.040116	18.021077	4.651501	0.012776	0.4
789	-0.019731	19.021031	4.535280	0.005585	0.4
790	-0.029235	18.878194	4.551525	0.020788	0.3
791	-0.009657	18.650928	4.577613	0.002619	0.4
792	-0.029819	19.618951	4.468520	0.011616	0.4
793	-0.025229	19.963018	4.430987	0.004705	0.4
794	-0.023975	19.044204	4.532656	0.001841	0.4
795	-0.030732	19.207631	4.514233	0.017300	0.4
796	-0.028022	18.787523	4.561897	0.004331	0.4
797	-0.025497	19.785375	4.450286	0.014062	0.4
798	-0.024730	20.783745	4.343952	0.008523	0.4
799	-0.014498	19.897032	4.438136	0.005930	0.4
800	-0.016214	18.981122	4.539807	0.004438	0.4
801	-0.022491	19.853641	4.442850	0.015093	0.4
802	-0.018536	18.933003	4.545278	0.007435	0.3
803	-0.030401	18.032033	4.650196	0.015840	0.4
804	-0.040436	19.032026	4.534035	0.008482	0.4
805	-0.035668	20.032026	4.423535	0.005977	0.4
806	-0.031977	19.130337	4.522927	0.011967	0.6
807	-0.026561	20.122217	4.413833	0.011048	0.4
808	-0.020866	19.199962	4.515094	0.015691	0.4
809	-0.033340	18.277609	4.621121	0.005256	0.3
810	-0.026214	17.357982	4.731912	0.008200	0.4
811	-0.013897	18.067265	4.646002	0.009333	0.4
812	-0.028400	17.150489	4.757648	0.012188	0.5
813	-0.025535	16.272602	4.869705	0.007933	0.5
814	-0.032064	17.212077	4.749980	0.014770	0.4
815	-0.021836	16.289788	4.867461	0.003504	0.3
816	-0.021197	17.191133	4.752585	0.011706	0.4
817	-0.033150	18.167009	4.634170	0.008831	0.4
818	-0.027080	19.166960	4.518803	0.007722	0.4
819	-0.027761	18.256483	4.623608	0.004561	0.4
820	-0.023223	19.216940	4.513188	0.009340	0.4
821	-0.021289	18.336877	4.614159	0.002094	0.4
822	-0.024406	17.714195	4.688373	0.011993	0.3
823	-0.029786	18.124955	4.639151	0.015067	0.4
824	-0.046160	18.662265	4.576304	0.003493	0.4
825	-0.038428	19.550009	4.476117	0.016894	0.4
826	-0.023997	19.317495	4.501931	0.008937	0.3
827	-0.021850	20.317495	4.392972	0.013478	0.3
828	-0.021032	21.317489	4.289163	0.010557	0.4
829	-0.027079	22.317489	4.190146	0.007065	0.4
830	-0.030295	21.396158	4.281204	0.023780	0.4
831	-0.023165	20.473801	4.376416	0.010880	0.4
832	-0.023754	21.473801	4.273378	0.005890	0.3
833	-0.019989	22.463685	4.176052	0.007525	0.4
834	-0.017986	22.793299	4.144620	0.004092	0.4
835	-0.030478	22.415448	4.180691	0.009660	0.4
836	-0.028412	22.172643	4.204204	0.013926	0.4
837	-0.035140	21.250289	4.295985	0.008650	0.4
838	-0.020336	20.330234	4.391618	0.009914	0.3
839	-0.040014	20.831092	4.339036	0.005492	0.4
840	-0.028099	21.804346	4.240378	0.006692	0.4
841	-0.021344	22.352441	4.186768	0.007994	0.4
842	-0.026657	21.446696	4.276107	0.006406	0.4
843	-0.019370	20.550486	4.368339	0.013045	0.4
844	-0.021349	21.548929	4.265832	0.019255	0.4
845	-0.014647	20.626571	4.360354	0.008359	0.4
846	-0.033633	19.704214	4.459160	0.004113	0.4
847	-0.037361	20.622094	4.360823	0.005866	0.4
848	-0.015532	21.411644	4.279641	0.005208	0.3
849	-0.029941	22.357300	4.186298	0.004737	0.4
850	-0.034993	22.521551	4.170499	0.003685	0.4
851	-0.032632	22.322369	4.189674	0.015211	0.4
852	-0.032545	21.402926	4.280521	0.003166	0.5
853	-0.021020	21.023892	4.319129	0.006989	0.4
854	-0.028737	21.819296	4.238897	0.005536	0.4
855	-0.019813	20.931581	4.328637	0.006342	0.4
856	-0.019116	21.829790	4.237859	0.009049	0.4
857	-0.029362	22.814830	4.142584	0.008527	0.4
858	-0.031032	23.694761	4.061026	0.031927	0.3
859	-0.017902	22.772444	4.146595	0.009831	0.4
860	-0.025418	21.850087	4.235851	0.009521	0.4
861	-0.030719	22.807950	4.143234	0.009100	0.4
862	-0.024122	21.885804	4.232324	0.018892	0.4
863	-0.040352	22.885803	4.135884	0.012309	0.4
864	-0.024017	21.963446	4.224675	0.005895	0.4
865	-0.029917	22.475834	4.174885	0.011567	0.4
866	-0.020635	21.554930	4.265231	0.004238	0.4
867	-0.022574	20.641777	4.358762	0.009748	0.3
868	-0.027876	20.124062	4.413635	0.015470	0.4
869	-0.034427	19.201705	4.514898	0.013117	0.4
870	-0.025442	18.279458	4.620904	0.001300	0.4
871	-0.033702	18.818084	4.558396	0.010396	0.4
872	-0.028626	19.219493	4.512901	0.009498	0.4
873	-0.016444	18.297159	4.618822	0.010959	0.4
874	-0.027774	17.381407	4.729024	0.000699	0.4
875	-0.036934	17.755630	4.683361	0.019910	0.4
876	-0.011336	18.290073	4.619655	0.008267	0.4
877	-0.038091	17.367751	4.730707	0.013682	0.3
878	-0.033608	16.974670	4.779675	0.010415	0.4
879	-0.037289	16.052314	4.898657	0.015393	0.3
880	-0.024522	15.135964	5.022880	0.003703	0.4
881	-0.017157	15.941911	4.913297	0.003719	0.3
882	-0.029113	15.647838	4.952723	0.016334	0.4
883	-0.026804	14.924880	5.052392	0.019561	0.3
884	-0.030540	15.924880	4.915564	0.012092	0.4
885	-0.026706	16.924856	4.785953	0.006115	0.3
886	-0.023841	17.137896	4.759219	0.004828	0.4
887	-0.032075	17.217303	4.749330	0.006942	0.5
888	-0.042755	16.984907	4.778387	0.010668	0.4
889	-0.022143	17.274032	4.742291	0.004214	0.4
890	-0.023225	16.527116	4.836678	0.002463	0.3
891	-0.034662	16.914840	4.787218	0.020284	0.4
892	-0.052763	17.857428	4.671091	0.007826	0.4
893	-0.029608	16.937422	4.784368	0.011625	0.4
894	-0.037865	17.149503	4.757771	0.005387	0.4
895	-0.015331	16.237555	4.874289	0.009928	0.4
896	-0.029957	17.224432	4.748445	0.007634	0.4
897	-0.018939	18.222790	4.627580	0.010869	0.4
898	-0.025469	19.221779	4.512645	0.008567	0.4
899	-0.021061	18.382237	4.608844	0.019320	0.4
900	-0.039278	19.382043	4.494735	0.016482	0.4
901	-0.037978	20.382043	4.386120	0.005141	0.4
902	-0.043301	20.543203	4.369104	0.021718	0.4
903	-0.038836	19.865973	4.441509	0.022410	0.3
904	-0.025059	20.865973	4.335420	0.032697	0.4
905	-0.027281	21.865973	4.234281	0.015347	0.4
906	-0.029317	22.865973	4.137754	0.003523	0.4
907	-0.016562	22.217904	4.199801	0.005041	0.3
908	-0.036923	22.742319	4.149451	0.034581	0.4
909	-0.025769	23.742304	4.056711	0.018068	0.4
910	-0.032010	24.742304	3.968025	0.004798	0.4
911	-0.034668	23.820469	4.049636	0.014799	0.4
912	-0.028175	24.818228	3.961450	0.011985	0.4
913	-0.035620	23.895870	4.042835	0.006576	0.4
914	-0.033232	24.555695	3.984279	0.005316	0.4
915	-0.036970	24.015415	4.032099	0.018213	0.4
916	-0.032188	25.010035	3.944935	0.007065	0.3
917	-0.045504	25.776993	3.880254	0.021977	0.6
918	-0.021392	24.855363	3.958241	0.008594	0.4
919	-0.030676	25.726134	3.884477	0.007483	0.3
920	-0.029508	24.939866	3.950960	0.010954	0.3
921	-0.038754	25.935987	3.867109	0.011268	0.4
922	-0.023137	26.935986	3.786437	0.004236	0.4
923	-0.025795	26.081742	3.855138	0.011900	0.4
924	-0.034414	25.228178	3.926320	0.012803	0.3
925	-0.022735	26.228177	3.843184	0.005966	0.3
926	-0.029821	25.306716	3.919660	0.011468	0.4
927	-0.027929	26.209202	3.844729	0.007426	0.3
928	-0.015563	25.287952	3.921249	0.009949	0.3
929	-0.028768	26.287293	3.838380	0.008307	0.4
930	-0.044846	25.365956	3.914652	0.015013	0.4
931	-0.028856	24.456098	3.993009	0.006840	0.6
932	-0.025845	23.533772	4.075707	0.005183	0.4
933	-0.027274	22.742047	4.149476	0.012401	0.5
934	-0.026135	21.839869	4.236862	0.005145	0.4
935	-0.015597	21.003845	4.321190	0.007562	0.4
936	-0.026779	21.892834	4.231630	0.005205	0.4
937	-0.036151	21.632262	4.257494	0.009756	0.3
938	-0.014414	22.551161	4.167664	0.003558	0.4
939	-0.025315	23.481232	4.080521	0.014988	0.4
940	-0.045105	24.474478	3.991395	0.011303	0.4
941	-0.036046	23.552737	4.073972	0.008523	0.4
942	-0.027270	23.374212	4.090362	0.003960	0.4
943	-0.032972	22.505183	4.172068	0.006550	0.3
944	-0.024157	22.190386	4.202477	0.007757	0.3
945	-0.020064	21.389826	4.281843	0.012681	0.4
946	-0.031535	22.387300	4.183404	0.016850	0.4
947	-0.038512	23.387300	4.089156	0.019594	0.4
948	-0.028654	24.387300	3.999061	0.004853	0.5
949	-0.038015	25.385098	3.913037	0.016884	0.7
950	-0.020783	25.688299	3.887625	0.004372	0.3
951	-0.029175	26.686590	3.806240	0.005219	0.4
952	-0.020667	27.033219	3.778772	0.002759	0.4
953	-0.014076	26.553267	3.816911	0.008793	0.4
954	-0.006920	26.687184	3.806192	0.008731	0.3
955	-0.034607	27.686877	3.728039	0.016039	0.4
956	-0.022211	28.686868	3.653009	0.014499	0.4
957	-0.013617	27.764515	3.722104	0.006437	0.4
958	-0.036361	26.843150	3.793784	0.014678	0.4
959	-0.038285	27.771165	3.721596	0.011365	0.4
960	-0.027297	26.848810	3.793336	0.010974	0.4
961	-0.028059	27.848808	3.715681	0.005206	0.4
962	-0.038060	28.784589	3.645839	0.005023	0.4
963	-0.027970	28.432388	3.671815	0.002524	0.3
964	-0.029600	28.140176	3.693650	0.007225	0.3
965	-0.022609	27.493503	3.742905	0.002251	0.4
966	-0.026303	28.163391	3.691906	0.011090	0.6
967	-0.019955	27.552136	3.738385	0.008240	0.4
968	-0.042820	26.630005	3.810762	0.014679	0.4
969	-0.033307	27.630003	3.732399	0.005788	0.4
970	-0.026523	27.917702	3.710448	0.005501	0.5
971	-0.028368	27.531452	3.739979	0.004563	0.4
972	-0.036565	27.677093	3.728789	0.005224	0.4
973	-0.035541	26.926672	3.787173	0.016532	0.4
974	-0.026274	27.886090	3.712847	0.011134	0.5
975	-0.029804	26.963733	3.784247	0.010059	0.4
976	-0.027050	26.041401	3.858444	0.006009	0.4
977	-0.031724	25.520828	3.901620	0.017280	0.4
978	-0.042352	26.356886	3.832739	0.017017	0.3
979	-0.030038	25.434529	3.908871	0.015166	0.3
980	-0.022102	24.512172	3.988089	0.017647	0.3
981	-0.018226	25.512172	3.902346	0.003875	0.4
982	-0.038742	24.635400	3.977320	0.016606	0.4
983	-0.019261	23.745699	4.056403	0.008069	0.4
984	-0.025758	24.744899	3.967800	0.006197	0.4
985	-0.025645	23.852425	4.046751	0.007397	0.4
986	-0.024466	22.973566	4.127630	0.009598	0.4
987	-0.032827	23.962537	4.036841	0.018234	0.4
988	-0.022902	23.040180	4.121386	0.010916	0.4
989	-0.028134	22.117823	4.209549	0.007697	0.4
990	-0.035801	21.195630	4.301550	0.017769	0.4
991	-0.017019	20.275837	4.397406	0.002024	0.4
992	-0.035607	20.256656	4.399450	0.011959	0.4
993	-0.028810	20.275810	4.397408	0.007627	0.4
994	-0.042248	19.411580	4.491450	0.003458	0.4
995	-0.014434	20.143040	4.411599	0.014601	0.4
996	-0.036616	19.228763	4.511861	0.009164	0.4
997	-0.023709	18.315887	4.616622	0.004969	0.4
998	-0.032863	17.781526	4.680233	0.017180	0.4
999	-0.030520	18.716510	4.570054	0.007583	0.4
