1:ItNr	2:Metric	3a:Time	3b:StepSize	4:||Gradient||	Time[ms]
0	-0.036951	0.000000	279.459852	0.014617	25.7
1	-0.048116	0.000000	279.459852	0.036250	0.5
2	-0.031640	1.000000	266.757132	0.028647	0.5
3	-0.030078	2.000000	255.158996	0.011827	0.4
4	-0.017941	1.035805	266.323684	0.016474	0.8
5	-0.012340	0.071611	278.510120	0.014962	0.4
6	-0.019143	0.000000	279.459852	0.006494	0.4
7	-0.041597	0.999999	266.757143	0.012480	0.4
8	-0.025088	0.035805	278.984190	0.018581	0.5
9	-0.029139	0.000000	279.459852	0.022030	0.6
10	-0.003859	0.000000	279.459852	0.002472	0.5
11	-0.015494	1.000000	266.757132	0.031711	0.4
12	-0.017349	0.036389	278.976442	0.009497	0.4
13	-0.024878	1.036389	266.316634	0.016941	0.5
14	-0.027166	0.072194	278.502410	0.015034	0.4
15	-0.010865	1.072194	265.884615	0.004648	0.4
16	-0.009723	0.108010	278.029857	0.015290	0.4
17	-0.024674	0.000000	279.459852	0.021832	0.4
18	-0.009083	1.000000	266.757132	0.014289	0.4
19	-0.017676	0.035805	278.984178	0.011397	0.5
20	-0.013645	0.000000	279.459852	0.010286	0.5
21	-0.014474	1.000000	266.757132	0.014866	0.5
22	-0.018524	0.035806	278.984178	0.009183	0.5
23	-0.018230	1.018494	266.533075	0.036066	0.4
24	-0.016028	2.018494	254.953991	0.006543	0.4
25	-0.014701	1.054299	266.100354	0.013283	0.4
26	-0.014163	2.054299	254.558023	0.012595	0.5
27	-0.009818	3.054162	243.976781	0.014621	0.4
28	-0.025288	4.054162	234.238807	0.016618	0.4
29	-0.012889	5.054162	225.248350	0.006090	0.4
30	-0.012584	4.089967	233.904528	0.009174	0.4
31	-0.012607	5.089967	224.939223	0.009480	0.4
32	-0.028302	6.089912	216.636250	0.020618	0.7
33	-0.004294	7.089912	208.924006	0.022355	0.5
34	-0.013830	6.201421	215.748177	0.012638	0.5
35	-0.008424	5.237226	223.676729	0.006155	0.6
36	-0.004911	6.236063	215.473763	0.003970	0.4
37	-0.012623	7.121154	208.691892	0.012751	0.5
38	-0.005209	8.121098	201.525947	0.002591	0.5
39	-0.013889	9.120250	194.840911	0.009457	0.5
40	-0.010891	8.156087	201.284107	0.010384	0.5
41	-0.013200	7.192249	208.165614	0.012255	0.5
42	-0.011934	6.232340	215.503214	0.032752	0.8
43	-0.004654	7.232340	207.870010	0.025215	0.5
44	-0.011471	8.232340	200.759050	0.022497	0.5
45	-0.003575	7.268146	207.606714	0.002622	0.5
46	-0.011370	6.498230	213.419444	0.003066	0.5
47	-0.016164	7.493032	205.968146	0.022038	0.5
48	-0.017525	6.528837	213.182158	0.012504	0.5
49	-0.012633	7.528837	205.709643	0.006374	0.5
50	-0.011420	8.522101	198.788595	0.016571	0.5
51	-0.020540	7.579986	205.341487	0.015017	0.5
52	-0.019771	8.579986	198.399581	0.016378	0.5
53	-0.020888	7.615792	205.084553	0.027553	0.5
54	-0.006498	6.651597	212.235728	0.016210	0.5
55	-0.024321	7.651597	204.828262	0.011302	0.5
56	-0.000567	8.651590	197.920480	0.002163	0.5
57	-0.013621	8.051752	202.006986	0.006510	0.5
58	-0.011405	7.097209	208.869748	0.014019	0.5
59	-0.016156	8.095946	201.700157	0.011469	0.4
60	-0.009047	7.131752	208.613278	0.004906	0.4
61	-0.006008	6.167559	216.017083	0.008704	0.7
62	-0.022722	7.167546	208.348176	0.011668	0.6
63	-0.006175	8.167546	201.205026	0.006325	0.5
64	-0.007010	9.167546	194.535440	0.010683	0.6
65	-0.000896	8.203363	200.958257	0.000896	0.5
66	-0.027442	7.954073	202.688472	0.016859	0.5
67	-0.011531	8.155245	201.289920	0.007937	0.5
68	-0.014056	9.155228	194.614907	0.024873	0.5
69	-0.011000	8.191034	201.043135	0.010057	0.5
70	-0.018330	7.226839	207.910524	0.007117	0.5
71	-0.001370	6.262649	215.263632	0.004749	0.6
72	-0.013456	6.914366	210.237871	0.010971	0.7
73	-0.008578	5.950172	217.759537	0.005768	0.7
74	-0.002867	4.985977	225.839378	0.016919	0.6
75	-0.003589	5.970957	217.591715	0.003273	0.6
76	-0.008661	5.579736	220.794401	0.006291	0.6
77	-0.013778	6.578664	212.796996	0.005782	0.5
78	-0.012176	5.614470	220.506250	0.011146	0.5
79	-0.006260	4.650351	228.794405	0.001682	0.5
80	-0.011517	3.686437	237.727988	0.003331	0.5
81	-0.012550	2.996485	244.563186	0.015293	0.5
82	-0.011307	2.032291	254.801265	0.014679	0.6
83	-0.018473	1.068097	265.933987	0.013644	0.6
84	-0.003311	2.068097	254.405771	0.006984	0.5
85	-0.004432	3.068097	243.835522	0.008446	0.6
86	-0.008135	2.104200	254.008232	0.017451	0.6
87	-0.023353	1.140005	265.070259	0.012544	0.5
88	-0.009708	2.140005	253.615194	0.014375	0.5
89	-0.000484	3.140005	243.109182	0.006533	0.5
90	-0.014207	2.175989	253.221425	0.013117	0.5
91	-0.011481	3.115107	243.360190	0.012872	0.8
92	-0.016599	2.150912	253.495710	0.011991	0.5
93	-0.010646	3.150912	242.999390	0.006936	0.5
94	-0.031095	3.354083	240.972202	0.029124	0.5
95	-0.008537	4.354083	231.467926	0.007425	0.5
96	-0.021333	3.389888	240.618444	0.022179	0.5
97	-0.023517	4.389888	231.141504	0.013391	0.5
98	-0.014041	3.431841	240.205269	0.025742	0.5
99	-0.012376	4.431841	230.760208	0.013996	0.5
100	-0.012163	3.467646	239.853757	0.020261	0.6
101	-0.011436	4.467646	230.435778	0.006311	0.5
102	-0.018280	3.503452	239.503272	0.013414	0.7
103	-0.013455	3.030272	244.219325	0.016711	0.6
104	-0.004667	4.030272	234.462367	0.006463	0.6
105	-0.005012	3.066078	243.855976	0.020107	0.4
106	-0.021738	2.102483	254.027108	0.015297	0.5
107	-0.007809	1.138288	265.090815	0.006417	0.5
108	-0.019631	0.174120	277.161791	0.013820	0.5
109	-0.011456	0.000000	279.459852	0.016260	0.5
110	-0.006031	0.000000	279.459852	0.011414	0.5
111	-0.015399	0.000000	279.459852	0.027354	0.5
112	-0.004676	0.000000	279.459852	0.007204	0.5
113	-0.019459	0.000000	279.459852	0.015609	0.6
114	-0.009897	0.000000	279.459852	0.011764	0.5
115	-0.003624	1.000000	266.757132	0.005648	0.5
116	-0.006615	0.087456	278.300854	0.021554	0.5
117	-0.010219	0.000000	279.459852	0.009620	0.5
118	-0.002878	1.000000	266.757132	0.000997	0.5
119	-0.011413	0.084140	278.344616	0.012026	0.5
120	-0.013206	0.000000	279.459852	0.008909	0.5
121	-0.010021	1.000000	266.757132	0.010096	0.7
122	-0.019123	2.000000	255.158996	0.019928	0.5
123	-0.012164	3.000000	244.527371	0.008903	0.5
124	-0.021640	2.035805	254.762392	0.012151	0.5
125	-0.005049	2.941471	245.125159	0.021276	0.5
126	-0.017343	1.977277	255.411336	0.008709	0.5
127	-0.007683	2.977277	244.759111	0.011960	0.5
128	-0.004746	3.977255	234.960045	0.002239	0.5
129	-0.008482	4.965024	226.021623	0.011958	0.8
130	-0.007351	4.076487	234.030266	0.004954	0.7
131	-0.016379	5.076487	225.055504	0.011343	0.5
132	-0.001338	6.066380	216.824597	0.001618	0.6
133	-0.018361	6.202477	215.739800	0.009326	0.5
134	-0.015050	6.140995	216.228513	0.003170	0.5
135	-0.017035	7.140994	208.544761	0.013805	0.5
136	-0.012605	8.140994	201.388356	0.009418	0.5
137	-0.006473	7.176800	208.279755	0.019985	0.5
138	-0.006407	6.212605	215.659504	0.011408	0.5
139	-0.002160	7.211991	208.019945	0.010125	0.5
140	-0.003905	7.763490	204.031464	0.004516	0.5
141	-0.012022	7.046232	209.249385	0.014186	0.5
142	-0.000267	8.046232	202.045374	0.000074	0.5
143	-0.013084	7.824503	203.599588	0.030710	0.5
144	-0.010349	7.828581	203.570788	0.018959	0.5
145	-0.016052	8.828581	196.746099	0.016154	0.5
146	-0.006902	9.827780	190.369107	0.026828	0.5
147	-0.023574	10.827780	184.387882	0.014304	0.5
148	-0.015240	11.827780	178.771058	0.017997	0.5
149	-0.014379	10.863585	184.180684	0.008136	0.5
150	-0.016605	9.899392	189.927910	0.017672	0.5
151	-0.010384	8.937727	196.028804	0.011196	0.8
152	-0.004365	9.937727	189.692566	0.004565	0.5
153	-0.002200	8.973572	195.794380	0.036291	0.5
154	-0.008569	8.009761	202.299386	0.004129	0.5
155	-0.005426	9.009761	195.558267	0.004102	0.5
156	-0.017240	8.176328	201.144465	0.012608	0.5
157	-0.011467	9.176328	194.478827	0.027290	0.5
158	-0.003941	10.176328	188.240799	0.010310	0.5
159	-0.004844	11.172226	182.413764	0.006869	0.8
160	-0.010844	10.208032	188.049567	0.005286	0.7
161	-0.007885	10.322284	187.363632	0.003311	0.6
162	-0.003062	9.377965	193.187956	0.003992	0.5
163	-0.000965	8.419529	199.481676	0.000714	0.6
164	-0.007332	8.495088	198.970650	0.009860	0.6
165	-0.007438	9.463903	192.642977	0.004158	0.6
166	-0.018126	10.388306	186.969530	0.032749	0.5
167	-0.007142	9.424112	192.894929	0.007941	0.5
168	-0.003840	10.419912	186.781458	0.009176	0.6
169	-0.008127	9.455717	192.694754	0.004642	0.6
170	-0.004620	10.444184	186.637275	0.002896	0.5
171	-0.018790	10.477189	186.441584	0.013350	0.5
172	-0.015260	11.477189	180.700891	0.010179	0.5
173	-0.019773	10.512994	186.229747	0.015700	0.6
174	-0.019041	9.548800	192.107611	0.010110	0.5
175	-0.007833	10.548800	186.018390	0.009364	0.6
176	-0.019892	10.322307	187.363496	0.019077	0.5
177	-0.007707	9.358112	193.314289	0.012053	0.6
178	-0.012457	10.342973	187.239954	0.011301	0.5
179	-0.020408	9.378779	193.182777	0.020547	0.5
180	-0.015536	10.378779	187.026299	0.007742	0.6
181	-0.008612	11.378779	181.250099	0.007184	0.5
182	-0.013842	11.635599	179.823785	0.009625	0.5
183	-0.001491	12.635598	174.477554	0.001388	0.5
184	-0.012796	13.128344	171.958443	0.002956	0.5
185	-0.000484	12.425070	175.576504	0.001894	0.5
186	-0.010274	12.426490	175.569046	0.008529	0.5
187	-0.006536	11.645742	179.767913	0.006506	0.6
188	-0.007631	10.681547	185.238960	0.002446	0.6
189	-0.015255	9.720643	191.033009	0.013285	0.5
190	-0.003950	10.546442	186.032290	0.008019	0.5
191	-0.014917	10.623710	185.577748	0.024524	0.5
192	-0.018099	9.659516	191.413882	0.015133	0.4
193	-0.007688	8.695321	197.629010	0.009906	0.5
194	-0.007995	9.675039	191.317012	0.009363	0.4
195	-0.000476	9.091397	195.027733	0.000814	0.5
196	-0.007442	8.692640	197.646856	0.013681	0.6
197	-0.004207	8.715777	197.492962	0.002385	0.5
198	-0.012537	9.715312	191.066169	0.039194	0.5
199	-0.025109	8.753679	197.241387	0.030657	0.5
200	-0.003710	9.753679	190.827800	0.004891	0.5
201	-0.010081	10.753417	184.819696	0.016480	0.5
202	-0.007879	9.789223	190.607505	0.007984	0.5
203	-0.010736	10.789223	184.611526	0.014425	0.4
204	-0.013878	9.825028	190.386100	0.013923	0.4
205	-0.011325	8.860834	196.533592	0.013409	0.5
206	-0.002506	8.262345	200.553202	0.001089	0.5
207	-0.005904	8.798563	196.944290	0.009869	0.4
208	-0.007330	9.778893	190.671473	0.007267	0.4
209	-0.008997	8.895572	196.305222	0.004997	0.5
210	-0.009302	9.895572	189.951394	0.014011	0.4
211	-0.009830	8.931377	196.070393	0.010690	0.5
212	-0.022334	7.967183	202.596744	0.025265	0.4
213	-0.015498	7.002988	209.572524	0.004805	0.4
214	-0.012339	6.038794	217.045811	0.010955	0.4
215	-0.003957	5.077465	225.047063	0.002722	0.5
216	-0.004106	4.113271	233.687480	0.008982	0.5
217	-0.013834	5.082241	225.005856	0.019121	0.4
218	-0.005620	4.118046	233.643049	0.024163	0.4
219	-0.006786	5.118046	224.697393	0.004784	0.5
220	-0.007878	5.217131	223.848174	0.013147	0.6
221	-0.015410	4.255357	232.372755	0.018243	0.5
222	-0.001008	5.246895	223.594332	0.002168	0.4
223	-0.007529	4.396584	231.080562	0.006997	0.5
224	-0.009102	4.952003	226.135026	0.003926	0.5
225	-0.007411	5.952003	217.744741	0.002167	0.4
226	-0.004316	5.095214	224.893997	0.006037	0.5
227	-0.006796	4.373075	231.294666	0.017655	0.5
228	-0.007166	3.410506	240.415213	0.021175	0.4
229	-0.006627	2.446311	250.301929	0.003085	0.4
230	-0.003562	2.721269	247.400627	0.004840	0.4
231	-0.015968	3.707847	237.521988	0.016844	0.5
232	-0.008015	4.699710	228.354989	0.018795	0.5
233	-0.003873	3.735515	237.256305	0.002911	0.5
234	-0.002901	2.771321	246.879717	0.004261	0.4
235	-0.009813	3.770496	236.921255	0.022031	0.4
236	-0.004334	2.806301	246.516957	0.002480	0.4
237	-0.016233	3.803662	236.604458	0.009347	0.4
238	-0.002580	4.776186	227.677473	0.024351	0.4
239	-0.002884	3.811991	236.525025	0.017480	0.4
240	-0.005704	4.807713	227.399339	0.003037	0.5
241	-0.012739	3.843519	236.224868	0.010340	0.4
242	-0.007669	2.965559	244.878780	0.013004	0.4
243	-0.019172	3.965559	235.070116	0.034447	0.4
244	-0.004529	3.001365	244.513467	0.005260	0.4
245	-0.016769	4.001365	234.733462	0.014248	0.5
246	-0.010883	3.037671	244.144155	0.005423	0.4
247	-0.009872	2.073477	254.346451	0.031326	0.4
248	-0.008484	1.109282	265.438600	0.007474	0.4
249	-0.009959	2.109282	253.952367	0.006472	0.5
250	-0.005857	1.145088	265.009423	0.014502	0.5
251	-0.018802	1.128355	265.209819	0.010316	0.5
252	-0.005973	2.128298	253.743568	0.007557	0.4
253	-0.024623	3.128298	243.227138	0.021469	0.5
254	-0.012238	2.517497	249.544280	0.012620	0.6
255	-0.006375	1.553303	260.212750	0.004308	0.4
256	-0.013127	0.635026	271.257220	0.006235	0.5
257	-0.003595	1.629599	259.335434	0.004258	0.5
258	-0.013856	2.629599	248.360409	0.012416	0.5
259	-0.026608	3.530705	239.237191	0.017957	0.5
260	-0.013768	4.530705	229.866624	0.015895	0.5
261	-0.014966	3.566510	238.888505	0.005790	0.5
262	-0.001868	4.566336	229.546265	0.003528	0.4
263	-0.004948	5.548784	221.051817	0.007363	0.4
264	-0.020151	4.584777	229.380811	0.024831	0.4
265	-0.010255	3.620582	238.363853	0.006460	0.5
266	-0.006583	2.656403	248.079001	0.010751	0.4
267	-0.010981	3.655900	238.022421	0.009542	0.5
268	-0.008077	2.691705	247.709352	0.019411	0.5
269	-0.017115	3.691705	237.677264	0.010337	0.5
270	-0.016706	4.691705	228.426136	0.009673	0.4
271	-0.004739	5.691549	219.869477	0.006907	0.4
272	-0.009224	6.691549	211.929528	0.010716	0.4
273	-0.000520	5.727354	219.574927	0.004073	0.4
274	-0.009590	6.060824	216.869112	0.009145	0.4
275	-0.007190	7.042652	209.276100	0.006298	0.5
276	-0.007162	8.042614	202.070550	0.009033	0.4
277	-0.013367	9.042572	195.344692	0.022696	0.4
278	-0.010411	8.078377	201.822023	0.009015	0.4
279	-0.004689	9.078377	195.112153	0.008285	0.5
280	-0.005501	10.078377	188.834085	0.013017	0.5
281	-0.004098	11.078377	182.947438	0.010044	0.5
282	-0.014227	12.077292	177.422531	0.015628	0.4
283	-0.006989	13.077292	172.216057	0.010172	0.4
284	-0.007499	12.113098	177.230682	0.008005	0.5
285	-0.003422	13.113098	172.035297	0.007843	0.5
286	-0.007896	14.113098	167.135835	0.008572	0.4
287	-0.000587	14.027238	167.545524	0.016219	0.6
288	-0.008577	13.230189	171.446815	0.005558	0.6
289	-0.012337	12.833611	173.456418	0.013716	0.6
290	-0.003569	13.833558	168.477103	0.010614	0.5
291	-0.018177	12.869363	173.273316	0.004302	0.5
292	-0.006113	11.917526	178.283654	0.027089	0.5
293	-0.001006	11.191959	182.301951	0.003232	0.5
294	-0.000123	11.308957	181.641796	0.000223	0.5
295	-0.000721	11.305213	181.662842	0.005006	0.4
296	-0.000842	11.301132	181.685795	0.001812	0.4
297	-0.007987	11.353448	181.392006	0.003187	0.4
298	-0.004091	12.342801	176.009717	0.004252	0.4
299	-0.006855	13.217327	171.511259	0.007029	0.5
300	-0.009584	12.823399	173.508784	0.012475	0.4
301	-0.014495	13.823399	168.526250	0.010534	0.5
302	-0.009064	14.823398	163.821892	0.008638	0.5
303	-0.006979	13.859204	168.353154	0.014463	0.5
304	-0.005522	14.859204	163.658315	0.014824	0.4
305	-0.004636	15.859204	159.218222	0.003389	0.4
306	-0.015719	15.335275	161.514036	0.016448	0.4
307	-0.007887	16.335275	157.187992	0.023016	0.4
308	-0.002890	15.371080	161.355034	0.001201	0.5
309	-0.003616	14.406942	165.748766	0.017246	0.5
310	-0.001488	13.575692	169.733604	0.001039	0.5
311	-0.016537	13.274088	171.227223	0.011255	0.4
312	-0.000030	12.806436	173.595847	0.000022	0.4
313	-0.011241	12.815722	173.548177	0.007760	0.4
314	-0.007950	12.806624	173.594883	0.010666	0.4
315	-0.010354	13.787481	168.700252	0.006643	0.4
316	-0.012335	14.787481	163.986307	0.009635	0.4
317	-0.008845	15.787481	159.528641	0.022994	0.4
318	-0.000354	16.787460	155.306996	0.000669	0.4
319	-0.012298	16.687593	155.718537	0.010124	0.5
320	-0.002777	15.895011	159.063697	0.014528	0.4
321	-0.012045	14.935531	163.310707	0.007535	0.6
322	-0.003080	15.935531	158.889200	0.002828	0.5
323	-0.008517	16.929905	154.723743	0.019598	0.5
324	-0.006314	17.873114	150.969559	0.014659	0.4
325	-0.006220	18.872550	147.185392	0.013048	0.4
326	-0.000232	19.872550	143.584310	0.000338	0.4
327	-0.009483	19.903532	143.475555	0.003760	0.4
328	-0.000982	19.953706	143.299775	0.000851	0.4
329	-0.001417	19.999855	143.138478	0.001664	0.4
330	-0.002846	20.076440	142.871604	0.001692	0.4
331	-0.003334	20.578239	141.147316	0.003070	0.4
332	-0.007418	20.858603	140.201931	0.009116	0.4
333	-0.002102	21.651536	137.595442	0.001582	0.4
334	-0.006927	21.823098	137.044192	0.010623	0.5
335	-0.003441	21.814791	137.070781	0.005438	0.4
336	-0.012751	21.299891	138.739292	0.008806	0.5
337	-0.009249	22.157050	135.983737	0.010981	0.5
338	-0.004117	22.789990	134.018229	0.002284	0.4
339	-0.000152	22.843838	133.853631	0.000167	0.4
340	-0.007558	22.928643	133.595224	0.008022	0.5
341	-0.008229	23.145382	132.939316	0.015724	0.5
342	-0.007074	22.181188	135.907723	0.008463	0.5
343	-0.004783	23.181188	132.831579	0.002608	0.5
344	-0.006718	22.217027	135.795016	0.007864	0.5
345	-0.004663	21.252833	138.893808	0.004176	0.4
346	-0.004484	22.243237	135.712711	0.012531	0.5
347	-0.007912	23.243237	132.645289	0.004873	0.5
348	-0.008351	24.242451	129.715714	0.030244	0.4
349	-0.008185	23.546953	131.740927	0.026284	0.4
350	-0.004940	24.546953	128.848507	0.002722	0.4
351	-0.014642	25.546953	126.080367	0.016656	0.4
352	-0.017580	26.314532	124.034976	0.005835	0.5
353	-0.005974	27.314532	121.467737	0.019325	0.5
354	-0.006334	26.350338	123.941183	0.018015	0.5
355	-0.007503	25.386143	126.517457	0.004174	0.6
356	-0.008567	26.386143	123.847532	0.034227	0.6
357	-0.006873	27.386143	121.287966	0.005959	0.5
358	-0.007278	28.386143	118.832055	0.000661	0.5
359	-0.007677	28.347768	118.924464	0.012244	0.5
360	-0.013590	29.247445	116.795131	0.009516	0.5
361	-0.010243	28.283250	119.080152	0.004470	0.5
362	-0.007542	27.319062	121.456350	0.015741	0.5
363	-0.011034	26.354867	123.929328	0.004934	0.5
364	-0.007752	27.354867	121.366415	0.003615	0.5
365	-0.016989	27.320662	121.452329	0.010582	0.5
366	-0.009021	26.356467	123.925141	0.011531	0.5
367	-0.006621	26.859538	122.622515	0.008454	0.5
368	-0.008082	25.895344	125.143702	0.013615	0.4
369	-0.014188	26.894509	122.532979	0.011907	0.4
370	-0.000222	25.930315	125.050448	0.000663	0.4
371	-0.016784	24.982602	127.627770	0.015458	0.4
372	-0.009793	25.232499	126.937914	0.009406	0.5
373	-0.013049	24.268304	129.641634	0.009293	0.5
374	-0.010189	25.268304	126.839681	0.005689	0.5
375	-0.008460	26.268304	124.156282	0.018136	0.5
376	-0.011927	25.305413	126.738032	0.009363	0.4
377	-0.001197	25.547273	126.079499	0.009686	0.5
378	-0.005022	26.547273	123.427833	0.004650	0.5
379	-0.011772	26.765364	122.864276	0.008757	0.4
380	-0.009265	27.500875	121.001051	0.015124	0.4
381	-0.013455	28.500875	118.556629	0.025660	0.4
382	-0.011836	29.500875	116.209013	0.009625	0.5
383	-0.002240	28.536681	118.470935	0.003275	0.5
384	-0.010438	29.536681	116.126679	0.013215	0.4
385	-0.009019	28.572486	118.385365	0.031736	0.5
386	-0.011160	27.992133	119.787739	0.010835	0.5
387	-0.015062	28.992133	117.391608	0.015011	0.7
388	-0.017843	28.027939	119.700258	0.012278	0.5
389	-0.007699	29.027939	117.307589	0.011724	0.5
390	-0.007640	28.063744	119.612903	0.009523	0.4
391	-0.008576	29.063744	117.223691	0.008971	0.5
392	-0.000198	30.063744	114.928057	0.000059	0.5
393	-0.008590	30.048274	114.962886	0.009289	0.4
394	-0.004410	30.204399	114.612359	0.006566	0.4
395	-0.010520	29.241343	116.809315	0.006261	0.4
396	-0.002686	28.277149	119.094895	0.005173	0.5
397	-0.008236	29.275511	116.729930	0.008037	0.4
398	-0.006172	29.856452	115.396506	0.008918	0.4
399	-0.003659	30.856452	113.171199	0.000972	0.4
400	-0.011399	29.893373	115.312791	0.009961	0.5
401	-0.011678	29.545891	116.105518	0.012588	0.5
402	-0.017134	28.581697	118.363374	0.026432	0.4
403	-0.006958	29.581697	116.023330	0.018032	0.5
404	-0.006406	28.617502	118.277959	0.005658	0.4
405	-0.023525	27.916394	119.973212	0.017156	0.5
406	-0.007497	26.961408	122.362064	0.006601	0.4
407	-0.005547	25.997214	124.872443	0.014091	0.5
408	-0.010346	25.033019	127.487986	0.007675	0.5
409	-0.009207	26.006388	124.848073	0.006755	0.5
410	-0.011396	25.042195	127.462578	0.013362	0.5
411	-0.008955	26.042195	124.753040	0.002590	0.4
412	-0.017647	27.042195	122.156301	0.036383	0.5
413	-0.003124	26.078224	124.657568	0.002601	0.5
414	-0.011599	25.114029	127.264023	0.009669	0.4
415	-0.010239	25.224714	126.959291	0.013713	0.7
416	-0.003768	26.030688	124.783565	0.002596	0.5
417	-0.016997	27.030614	122.185755	0.018776	0.6
418	-0.005584	28.030612	119.693732	0.003131	0.4
419	-0.004730	27.066417	122.094743	0.004844	0.7
420	-0.014831	26.229548	124.258163	0.031839	0.7
421	-0.006174	25.265354	126.847769	0.006656	0.5
422	-0.007303	24.301159	129.547609	0.004075	0.4
423	-0.015368	24.667352	128.508806	0.007178	0.5
424	-0.009363	24.574675	128.770133	0.006825	0.5
425	-0.004473	25.574674	126.005323	0.002752	0.5
426	-0.010108	25.098010	127.308248	0.005537	0.5
427	-0.017394	25.441806	126.365819	0.021329	0.5
428	-0.006351	26.439665	123.707806	0.003020	0.5
429	-0.004217	27.439665	121.153953	0.003089	0.5
430	-0.005983	27.289380	121.531007	0.010405	0.5
431	-0.011500	26.498813	123.553760	0.011575	0.5
432	-0.009918	25.534618	126.113787	0.006778	0.4
433	-0.008010	26.518120	123.503557	0.005558	0.4
434	-0.010416	25.553926	126.061482	0.011548	0.4
435	-0.005718	24.590031	128.726758	0.010327	0.4
436	-0.016384	25.590031	125.963790	0.019012	0.5
437	-0.009364	24.625837	128.625738	0.023429	0.4
438	-0.006246	25.625837	125.867058	0.005037	0.4
439	-0.005149	24.661659	128.524830	0.001758	0.4
440	-0.014979	23.885521	130.747217	0.012367	0.5
441	-0.001631	22.947774	133.537067	0.002107	0.7
442	-0.005069	22.264468	135.646113	0.026591	0.5
443	-0.010253	23.234854	132.670425	0.005260	0.5
444	-0.007160	22.270660	135.626703	0.008061	0.6
445	-0.013362	21.306465	138.717732	0.011592	0.4
446	-0.002657	22.262711	135.651620	0.013808	0.4
447	-0.015351	21.410439	138.377651	0.007251	0.5
448	-0.006871	20.446244	141.596832	0.008962	0.4
449	-0.005759	21.445509	138.263317	0.018145	0.5
450	-0.008801	20.481315	141.477119	0.013277	0.5
451	-0.010534	21.481315	138.146781	0.005585	0.6
452	-0.007137	22.481315	134.969629	0.011391	0.5
453	-0.018337	23.401846	132.171461	0.012769	0.4
454	-0.011422	22.437652	135.105298	0.005454	0.5
455	-0.015436	21.473457	138.172338	0.012693	0.5
456	-0.000218	22.473457	134.994023	0.001374	0.4
457	-0.010536	22.055640	136.304022	0.027298	0.4
458	-0.000221	23.055640	133.210116	0.000292	0.4
459	-0.010302	22.708578	134.267851	0.011227	0.4
460	-0.008149	22.686111	134.336904	0.009904	0.5
461	-0.009540	21.927655	136.710400	0.021748	0.4
462	-0.000275	21.429291	138.316165	0.000536	0.5
463	-0.006100	20.876060	140.143483	0.003570	0.5
464	-0.002134	20.823264	140.320394	0.005009	0.5
465	-0.018331	21.502788	138.076986	0.021449	0.4
466	-0.015326	20.544342	141.262483	0.013104	0.5
467	-0.005669	19.580147	144.618915	0.023755	0.4
468	-0.010571	20.580147	141.140839	0.020594	0.5
469	-0.013370	19.615953	144.491424	0.013147	0.5
470	-0.011083	20.615953	141.019404	0.011429	0.5
471	-0.011894	21.615953	137.710329	0.011883	0.5
472	-0.013037	22.615953	134.552991	0.010005	0.5
473	-0.011023	21.651758	137.594724	0.009152	0.5
474	-0.015896	21.770411	137.213010	0.029159	0.4
475	-0.010596	22.770411	134.078176	0.014529	0.8
476	-0.016228	23.770411	131.083381	0.014657	0.5
477	-0.017288	24.770411	128.219448	0.019419	0.5
478	-0.026592	23.806217	130.978630	0.007955	0.4
479	-0.010996	24.806217	128.119223	0.008201	0.4
480	-0.014720	23.842022	130.874046	0.010353	0.5
481	-0.015532	23.759142	131.116384	0.015708	0.5
482	-0.003767	22.794948	134.003057	0.008822	0.5
483	-0.009511	21.830753	137.019699	0.032826	0.9
484	-0.004960	20.866655	140.174965	0.001821	0.6
485	-0.012604	19.902461	143.479312	0.007788	0.5
486	-0.020950	18.948189	146.906706	0.017523	0.5
487	-0.005221	19.948189	143.319082	0.010107	0.5
488	-0.008281	20.948189	139.902509	0.021443	0.5
489	-0.005366	19.983995	143.193872	0.006762	0.5
490	-0.015649	19.020466	146.641392	0.008111	0.5
491	-0.011760	18.056814	150.259489	0.011668	0.5
492	-0.002996	17.092619	154.062834	0.008320	0.5
493	-0.004917	16.128425	158.063719	0.016103	0.5
494	-0.019580	15.170720	162.248829	0.014409	0.5
495	-0.012541	14.206525	166.692307	0.012491	0.7
496	-0.022359	15.206525	162.088377	0.014462	0.5
497	-0.014825	14.242331	166.522951	0.015416	0.5
498	-0.010970	13.278136	171.207002	0.010170	0.5
499	-0.012355	14.263258	166.424128	0.013709	0.4
500	-0.016115	13.299178	171.101968	0.017846	0.6
501	-0.012735	14.299178	166.254774	0.009463	0.7
502	-0.000374	15.299178	161.674649	0.003056	0.5
503	-0.010522	15.330142	161.536857	0.014275	0.5
504	-0.006395	14.365947	165.940895	0.005944	0.4
505	-0.014855	13.401783	170.591650	0.031982	0.5
506	-0.002136	14.401783	165.772920	0.024572	0.5
507	-0.021753	15.401783	161.218942	0.016576	0.5
508	-0.007109	14.437588	165.605426	0.008925	0.4
509	-0.012440	13.473394	170.237283	0.016022	0.5
510	-0.016376	14.473394	165.438271	0.012779	0.5
511	-0.009614	13.509199	170.060652	0.014140	0.4
512	-0.000344	12.545005	174.948758	0.000187	0.4
513	-0.009409	12.972134	172.749140	0.029970	0.4
514	-0.017353	12.108966	177.252801	0.005317	0.6
515	-0.007379	13.108966	172.056138	0.008805	0.5
516	-0.008329	14.108966	167.155505	0.011372	0.4
517	-0.020262	15.081318	162.650846	0.013395	0.6
518	-0.011697	14.117124	167.116675	0.010796	0.5
519	-0.009071	13.152929	171.834659	0.007724	0.5
520	-0.009365	12.188734	176.826775	0.003321	0.5
521	-0.017185	11.224616	182.117203	0.014595	0.5
522	-0.021955	10.275946	187.641227	0.018135	0.7
523	-0.008447	11.275946	181.827571	0.005476	0.4
524	-0.013228	10.311798	187.426379	0.015767	0.4
525	-0.014321	9.347603	193.381230	0.015489	0.4
526	-0.009828	10.347603	187.212299	0.013661	0.5
527	-0.007460	11.347603	181.424782	0.003213	0.5
528	-0.007864	10.383411	186.998694	0.008824	0.4
529	-0.014970	11.318825	181.586330	0.009018	0.5
530	-0.011549	12.318808	176.136459	0.018920	0.5
531	-0.018104	11.354622	181.385429	0.010719	0.5
532	-0.010209	10.390427	186.956899	0.029701	0.4
533	-0.006739	10.008510	189.259559	0.004937	0.4
534	-0.010612	11.008510	183.346770	0.012759	0.4
535	-0.012844	10.044316	189.041272	0.007621	0.5
536	-0.010269	11.044316	183.141902	0.011528	0.7
537	-0.012127	12.044316	177.599590	0.009829	0.4
538	-0.006027	11.080121	182.937492	0.004479	0.4
539	-0.013158	10.191623	188.148496	0.033443	0.5
540	-0.011233	11.191623	182.303855	0.005401	0.5
541	-0.006688	12.191623	176.811389	0.010708	0.4
542	-0.004537	13.191623	171.640199	0.011135	0.4
543	-0.011632	12.227428	176.620859	0.013969	0.7
544	-0.000510	11.263234	181.899216	0.000790	0.4
545	-0.011929	11.067206	183.011172	0.029086	0.6
546	-0.010550	11.770791	179.081942	0.011868	0.6
547	-0.012200	12.770791	173.779077	0.014373	0.5
548	-0.014792	11.806596	178.886490	0.005263	0.4
549	-0.010443	12.736835	173.953987	0.009545	0.4
550	-0.007200	13.736791	168.946432	0.007345	0.5
551	-0.012853	14.736791	164.218911	0.005897	0.5
552	-0.010336	15.733209	159.764340	0.002914	0.4
553	-0.006435	14.988125	163.072038	0.010498	0.4
554	-0.016264	14.024013	167.560948	0.008381	0.5
555	-0.013476	13.059819	172.304407	0.031659	0.5
556	-0.023464	12.095624	177.324254	0.009674	0.4
557	-0.013703	13.095624	172.123462	0.010751	0.5
558	-0.003913	12.131430	177.132617	0.000247	0.5
559	-0.013227	11.952713	178.093287	0.009982	0.5
560	-0.010225	12.649564	174.405141	0.011537	0.4
561	-0.021510	11.685369	179.549965	0.010140	0.4
562	-0.006365	12.685369	174.219759	0.013696	0.4
563	-0.008392	13.677400	169.235783	0.010396	0.5
564	-0.011229	14.677400	164.492282	0.010948	0.5
565	-0.000649	15.677400	160.007442	0.001449	0.5
566	-0.019051	15.915930	158.973561	0.028956	0.4
567	-0.009468	15.732403	159.767845	0.016092	0.4
568	-0.008160	16.732403	155.533611	0.011881	0.5
569	-0.009553	15.768209	159.612261	0.004419	0.5
570	-0.013009	14.804014	163.910585	0.009770	0.5
571	-0.011745	15.549140	160.568946	0.006445	0.4
572	-0.012575	16.536219	156.346512	0.020832	0.4
573	-0.007136	15.572024	160.468472	0.007728	0.5
574	-0.013338	16.572024	156.197516	0.022772	0.4
575	-0.015375	15.607830	160.311521	0.017843	0.4
576	-0.007143	14.643635	164.648101	0.006945	0.4
577	-0.018888	15.193149	162.148280	0.020140	0.7
578	-0.009410	14.228955	166.586177	0.011371	0.7
579	-0.005983	15.228955	161.988027	0.005474	0.4
580	-0.005597	16.228955	157.636897	0.004974	0.4
581	-0.003811	17.228955	153.513402	0.006004	0.4
582	-0.018361	18.204022	149.695278	0.015787	0.4
583	-0.011808	19.084942	146.405522	0.005326	0.4
584	-0.018569	20.084621	142.843155	0.018189	0.4
585	-0.019277	21.084621	139.448966	0.016512	0.4
586	-0.011400	20.120427	142.718774	0.004667	0.5
587	-0.019272	19.156232	146.145606	0.015381	0.4
588	-0.011713	20.156232	142.594611	0.008198	0.4
589	-0.012199	19.216525	145.926505	0.025508	0.5
590	-0.012176	18.252330	149.511045	0.013758	0.4
591	-0.010341	17.288136	153.276120	0.007025	0.4
592	-0.010559	18.288136	149.374787	0.032210	0.4
593	-0.003847	17.323941	153.132917	0.016697	0.4
594	-0.018038	16.359747	157.085029	0.032994	0.4
595	-0.018964	15.395552	161.246541	0.006587	0.5
596	-0.005084	14.431358	165.634548	0.013854	0.5
597	-0.015024	15.431357	161.088069	0.003511	0.5
598	-0.007066	14.468141	165.462774	0.010357	0.5
599	-0.007572	15.467738	160.927364	0.002820	0.6
600	-0.017530	16.448967	156.710781	0.023708	0.5
601	-0.002310	15.487010	160.842365	0.018686	0.5
602	-0.017730	16.487010	156.551748	0.019917	0.5
603	-0.014649	17.487010	152.484097	0.006162	0.4
604	-0.021465	16.522815	156.402362	0.016446	0.5
605	-0.018115	15.558621	160.527307	0.030024	0.4
606	-0.000649	14.594426	164.875728	0.002006	0.4
607	-0.017740	13.630232	169.466291	0.011296	0.4
608	-0.004457	12.791556	173.672292	0.003630	0.5
609	-0.008316	13.791520	168.680670	0.010453	0.5
610	-0.001011	12.827326	173.488646	0.001325	1.1
611	-0.009615	13.179018	171.703497	0.011930	0.5
612	-0.010416	12.314544	176.159002	0.025807	0.5
613	-0.024648	12.322145	176.118819	0.007641	0.4
614	-0.002104	11.357951	181.366765	0.000987	0.5
615	-0.009378	12.168781	176.933149	0.026420	0.5
616	-0.006960	13.152809	171.835263	0.009370	0.5
617	-0.014652	13.691721	169.165918	0.011656	0.4
618	-0.020040	14.691721	164.426278	0.008850	0.4
619	-0.016732	13.727527	168.991501	0.024613	0.5
620	-0.013884	12.763332	173.817467	0.008571	0.5
621	-0.010067	13.763332	168.817444	0.027995	0.5
622	-0.007986	12.799138	173.633331	0.008189	0.6
623	-0.013173	11.834943	178.732055	0.009374	0.5
624	-0.012473	10.870749	184.139285	0.005419	0.4
625	-0.013132	9.906689	189.883068	0.013168	0.5
626	-0.011784	10.906689	183.931868	0.012484	0.4
627	-0.004658	11.906689	178.342370	0.005524	0.4
628	-0.006724	10.942494	183.725692	0.009861	0.5
629	-0.004448	9.978300	189.444121	0.006120	0.5
630	-0.007001	10.490881	186.360521	0.009091	0.5
631	-0.005043	10.758738	184.788729	0.002312	0.4
632	-0.007051	11.758738	179.147830	0.026411	0.4
633	-0.010091	12.758738	173.841120	0.012081	0.4
634	-0.012245	13.758738	168.839756	0.008067	0.5
635	-0.006971	12.794544	173.656935	0.003701	0.5
636	-0.005403	13.794522	168.666115	0.001878	0.5
637	-0.012929	12.910069	173.065320	0.007196	0.5
638	-0.012833	13.736900	168.945903	0.016146	0.6
639	-0.012930	14.736900	164.218411	0.004386	0.6
640	-0.004325	15.350394	161.446856	0.006420	0.4
641	-0.007697	14.558861	165.040633	0.019316	0.5
642	-0.018633	15.558839	160.526348	0.023631	0.7
643	-0.010372	14.594663	164.874628	0.008170	0.4
644	-0.004625	14.966405	163.170517	0.002044	0.5
645	-0.007230	14.903878	163.454682	0.009745	0.5
646	-0.011441	15.816675	159.402143	0.009669	0.5
647	-0.021701	14.852482	163.688999	0.011467	0.5
648	-0.005308	13.888340	168.212559	0.003578	0.4
649	-0.006442	12.924146	172.993505	0.009595	0.5
650	-0.009385	13.895822	168.176492	0.003081	0.5
651	-0.008150	14.851395	163.693963	0.005785	0.5
652	-0.007430	15.838073	159.309551	0.007635	0.5
653	-0.014055	16.837813	155.100320	0.016372	0.4
654	-0.008888	15.873618	159.155981	0.012465	0.5
655	-0.001457	14.910403	163.424978	0.002802	0.4
656	-0.004311	13.946209	167.934007	0.002663	0.5
657	-0.021815	13.930932	168.007450	0.012625	0.4
658	-0.025705	13.836850	168.461184	0.016738	0.4
659	-0.013628	12.872655	173.256478	0.004639	0.4
660	-0.017316	11.908460	178.332770	0.022479	0.5
661	-0.003406	10.944266	183.715503	0.002358	0.4
662	-0.018641	9.980086	189.433201	0.006345	0.5
663	-0.000834	10.978672	183.517846	0.001402	0.4
664	-0.000732	11.925698	178.239410	0.002658	0.5
665	-0.008761	11.878924	178.492975	0.003858	0.4
666	-0.011665	11.176238	182.391022	0.028974	0.5
667	-0.007734	12.176238	176.893381	0.007465	0.4
668	-0.009263	13.176238	171.717464	0.010189	0.4
669	-0.000722	13.649108	169.373968	0.001665	0.5
670	-0.007363	14.469163	165.458005	0.015348	0.4
671	-0.015060	15.264635	161.828648	0.014117	0.4
672	-0.014150	16.264635	157.485961	0.006630	0.5
673	-0.008915	15.300441	161.669026	0.009848	0.5
674	-0.008537	14.481469	165.400619	0.003732	0.8
675	-0.008616	15.481469	160.866793	0.018490	0.6
676	-0.004689	14.517274	165.233876	0.006418	0.5
677	-0.000677	13.553094	169.844616	0.002892	0.5
678	-0.004737	13.427633	170.463558	0.008997	0.4
679	-0.006336	14.427633	165.651960	0.011127	0.5
680	-0.022515	15.227336	161.995265	0.014715	0.5
681	-0.006986	16.227336	157.643752	0.010817	0.4
682	-0.003718	17.041345	154.270491	0.014462	0.5
683	-0.010376	17.457787	152.599964	0.005186	0.5
684	-0.000252	18.401374	148.945488	0.000584	0.5
685	-0.007692	18.452539	148.752324	0.010240	0.5
686	-0.016985	17.909917	150.826764	0.008207	0.5
687	-0.007009	16.945723	154.659247	0.003111	0.5
688	-0.007213	15.982647	158.686775	0.007327	0.5
689	-0.003824	15.021728	162.919917	0.007846	0.4
690	-0.015513	14.057533	167.400737	0.012341	0.4
691	-0.009144	15.057533	162.758136	0.007195	0.5
692	-0.014772	14.093341	167.229930	0.013822	0.5
693	-0.027168	13.129146	171.954401	0.016117	0.5
694	-0.003679	14.129146	167.059480	0.002379	0.4
695	-0.007417	13.184781	171.674552	0.006912	0.5
696	-0.008723	14.184780	166.795326	0.019021	0.4
697	-0.015676	13.220586	171.494928	0.010046	0.4
698	-0.007465	14.176571	166.834253	0.008952	0.5
699	-0.009454	15.175661	162.226667	0.007592	0.4
700	-0.016452	14.212603	166.663536	0.013117	0.5
701	-0.017783	13.248408	171.355610	0.013773	0.7
702	-0.000813	12.374800	175.840961	0.002674	0.4
703	-0.003203	11.410914	181.070394	0.005256	0.4
704	-0.008681	10.446720	186.622224	0.006088	0.4
705	-0.003418	9.742090	190.899738	0.005685	0.4
706	-0.015786	10.741768	184.887525	0.018447	0.7
707	-0.007490	11.741768	179.240685	0.021237	0.6
708	-0.010935	10.777573	184.679203	0.006520	0.5
709	-0.000273	9.813379	190.458078	0.008324	0.4
710	-0.010523	10.793089	184.589073	0.008731	0.5
711	-0.006171	9.828895	190.362221	0.011443	0.4
712	-0.008585	8.864700	196.508145	0.009349	0.5
713	-0.000575	9.301902	193.672887	0.001152	0.5
714	-0.016816	8.501591	198.926794	0.007977	0.4
715	-0.011144	9.479389	192.545096	0.036039	0.4
716	-0.005290	8.515196	198.835101	0.024054	0.4
717	-0.012414	7.551001	205.549952	0.009413	0.5
718	-0.013359	8.551001	198.594182	0.021408	0.4
719	-0.011065	9.551001	192.093767	0.010364	0.4
720	-0.019603	8.586807	198.353846	0.009427	0.4
721	-0.005716	9.582898	191.893417	0.005364	0.5
722	-0.010311	8.618704	198.140233	0.011524	0.5
723	-0.019972	7.654509	204.807446	0.010034	0.4
724	-0.009172	8.607294	198.216595	0.003910	0.4
725	-0.009097	9.607227	191.740890	0.008692	0.4
726	-0.007134	8.643033	197.977611	0.003377	0.5
727	-0.009072	8.044695	202.056067	0.009029	0.5
728	-0.014535	7.080501	208.994025	0.012461	0.5
729	-0.008333	8.080500	201.807289	0.010170	0.4
730	-0.004810	9.079543	195.104590	0.006541	0.4
731	-0.019560	8.115351	201.565726	0.009656	0.5
732	-0.015327	9.115351	194.872604	0.015739	0.6
733	-0.003974	10.110434	188.639508	0.004166	0.6
734	-0.013811	11.110434	182.764797	0.010924	0.5
735	-0.011853	10.297232	187.513610	0.015265	0.4
736	-0.011831	11.297219	181.707809	0.005155	0.4
737	-0.002568	10.333964	187.293793	0.008310	0.4
738	-0.006239	11.333964	181.501314	0.003999	0.5
739	-0.010999	10.370295	187.076880	0.024117	0.9
740	-0.019175	10.200900	188.092554	0.013535	0.6
741	-0.009021	9.236705	194.090489	0.012067	0.5
742	-0.011897	10.236705	187.876950	0.004795	0.5
743	-0.012628	11.236705	182.048906	0.008585	0.5
744	-0.017835	10.272527	187.661745	0.018029	0.5
745	-0.018094	9.308332	193.631800	0.018999	0.4
746	-0.008316	8.344138	199.994186	0.001660	0.5
747	-0.009474	9.343664	193.406336	0.028852	0.5
748	-0.009788	8.381302	199.741211	0.015183	0.4
749	-0.011602	7.417108	206.518444	0.007516	0.4
750	-0.009340	6.602635	212.612195	0.012775	0.4
751	-0.011606	5.638441	220.307822	0.009520	0.4
752	-0.015532	6.638441	212.336757	0.012592	0.5
753	-0.010924	5.674246	220.012098	0.023218	0.7
754	-0.018265	4.710052	228.263129	0.010640	0.4
755	-0.015577	5.710052	219.717166	0.025106	0.5
756	-0.008516	6.710052	211.788016	0.006433	0.5
757	-0.021294	5.745863	219.422976	0.020112	0.4
758	-0.010100	6.745708	211.515842	0.020587	0.5
759	-0.014513	5.781514	219.130887	0.023320	0.4
760	-0.004392	6.781514	211.243236	0.008789	0.4
761	-0.006207	5.817319	218.838311	0.006453	0.4
762	-0.007170	4.853991	226.992299	0.010714	0.4
763	-0.010580	5.851185	218.562309	0.013148	0.4
764	-0.010891	4.918271	226.429336	0.013450	0.4
765	-0.010785	3.954077	235.178284	0.007912	0.4
766	-0.009066	4.954077	226.116961	0.026422	0.4
767	-0.014294	5.954075	217.728002	0.012346	0.4
768	-0.012326	6.954075	209.939227	0.018323	0.4
769	-0.010659	7.954075	202.688461	0.009924	0.5
770	-0.010046	8.954075	195.921820	0.034040	0.4
771	-0.002250	9.954075	189.592385	0.002638	0.5
772	-0.011259	10.948971	183.688447	0.016233	1.0
773	-0.015776	9.984778	189.404517	0.006186	0.6
774	-0.008967	10.984778	183.482809	0.007249	0.5
775	-0.014345	11.984777	177.920161	0.009302	0.4
776	-0.007513	12.984777	172.684871	0.006511	0.4
777	-0.012280	13.984640	167.749529	0.030574	0.5
778	-0.021314	13.146177	171.868638	0.016313	0.5
779	-0.017441	12.181986	176.862740	0.014875	0.5
780	-0.012967	11.217791	182.155780	0.012926	0.5
781	-0.021629	12.217791	176.672099	0.009747	0.4
782	-0.010861	11.257877	181.929424	0.013504	0.6
783	-0.004004	12.257869	176.459200	0.000487	0.5
784	-0.011886	12.889107	173.172369	0.009804	0.4
785	-0.009537	12.839947	173.423940	0.012959	0.5
786	-0.011496	13.839947	168.446207	0.013366	0.5
787	-0.011801	14.839947	163.746251	0.011003	0.4
788	-0.008268	13.875752	168.273271	0.010667	0.4
789	-0.005972	14.873150	163.594694	0.001212	0.5
790	-0.012123	13.912920	168.094129	0.010879	0.5
791	-0.008747	13.012635	172.543436	0.007328	0.5
792	-0.015491	12.050307	177.567393	0.006975	0.4
793	-0.014296	11.090624	182.877618	0.008526	0.4
794	-0.014361	12.089074	177.359358	0.012705	0.4
795	-0.003544	13.089074	172.156537	0.010124	0.4
796	-0.018652	12.124885	177.167616	0.011790	0.4
797	-0.001837	11.411619	181.066454	0.010022	0.4
798	-0.013277	12.411604	175.647267	0.015123	0.4
799	-0.010208	13.411603	170.542967	0.008014	0.5
800	-0.004385	14.411603	165.726948	0.004294	0.5
801	-0.002192	15.409767	161.183590	0.002114	0.5
802	-0.008451	15.701447	159.902602	0.010604	0.5
803	-0.009614	14.916492	163.397274	0.010506	0.5
804	-0.010733	15.916360	158.971712	0.005534	0.5
805	-0.013934	14.952165	163.235145	0.009124	0.6
806	-0.005288	15.952031	158.818249	0.003999	0.5
807	-0.012088	14.987858	163.073249	0.006956	0.5
808	-0.008660	15.482541	160.862067	0.007731	0.4
809	-0.003206	14.518347	165.228888	0.006985	0.4
810	-0.003731	14.935429	163.311171	0.001888	0.4
811	-0.010487	14.295987	166.269806	0.022136	0.5
812	-0.012270	13.348873	170.854423	0.005525	0.4
813	-0.012023	12.384679	175.788929	0.011331	0.5
814	-0.019255	13.384679	170.676509	0.008267	0.4
815	-0.014149	12.420516	175.600428	0.006577	0.4
816	-0.006757	11.474505	180.715825	0.005112	0.4
817	-0.008713	10.510525	186.244339	0.011426	0.5
818	-0.001176	9.547860	192.113517	0.003274	0.5
819	-0.017686	8.583666	198.374904	0.023236	0.4
820	-0.006465	9.583666	191.888602	0.004681	0.4
821	-0.005773	10.242278	187.843439	0.004653	0.5
822	-0.008601	11.242265	182.017514	0.013967	0.4
823	-0.013924	12.241986	176.543512	0.020425	0.4
824	-0.008484	11.277791	181.817178	0.010682	0.5
825	-0.007839	12.269768	176.396087	0.027616	0.5
826	-0.004429	11.305574	181.660818	0.006989	0.4
827	-0.011888	10.371393	187.070331	0.013524	0.5
828	-0.004705	11.371389	181.291476	0.001487	0.5
829	-0.018117	12.371389	175.858935	0.012297	0.5
830	-0.008428	11.407929	181.087071	0.004971	0.4
831	-0.012447	11.312357	181.622683	0.010157	0.5
832	-0.000599	12.312357	176.170572	0.002066	0.5
833	-0.005224	13.309106	171.052460	0.006073	0.5
834	-0.021478	13.516335	170.025494	0.028449	0.4
835	-0.008064	12.552171	174.911393	0.003191	0.5
836	-0.018729	11.587977	180.086568	0.017695	0.5
837	-0.005428	12.587806	174.725818	0.005246	0.4
838	-0.013741	11.623612	179.889859	0.007751	0.6
839	-0.019982	12.150168	177.032494	0.009010	0.7
840	-0.007786	11.185981	182.335808	0.010931	0.5
841	-0.006362	12.185981	176.841445	0.005731	0.5
842	-0.011774	13.185981	171.668522	0.009001	0.5
843	-0.007676	12.474869	175.315304	0.017458	0.4
844	-0.004810	11.510675	180.514767	0.007988	0.4
845	-0.009375	12.510675	175.127983	0.019275	0.4
846	-0.013041	13.510675	170.053380	0.012310	0.4
847	-0.015457	12.546480	174.941062	0.020696	0.5
848	-0.009037	13.546480	169.877129	0.013032	0.5
849	-0.010341	12.582286	174.754539	0.013320	0.4
850	-0.001140	11.618091	179.920304	0.004813	0.4
851	-0.012521	10.653897	185.400771	0.018738	0.4
852	-0.016361	9.689704	191.225595	0.015360	0.4
853	-0.015032	8.725509	197.428304	0.009851	0.4
854	-0.004853	9.725509	191.002753	0.005601	0.4
855	-0.017561	10.725497	184.982345	0.016827	0.4
856	-0.002506	9.761303	190.780505	0.002253	0.4
857	-0.006131	10.753122	184.821415	0.007037	0.5
858	-0.016101	9.883388	190.026332	0.010653	0.4
859	-0.008258	10.883387	184.066293	0.018322	0.4
860	-0.007901	9.919193	189.806279	0.023001	0.4
861	-0.000845	10.919193	183.859816	0.001065	0.4
862	-0.002349	10.000378	189.309205	0.006857	0.5
863	-0.006438	9.648941	191.479924	0.002501	0.5
864	-0.010910	8.689303	197.669070	0.018766	0.5
865	-0.005344	7.727745	204.285329	0.010877	0.5
866	-0.007374	6.773610	211.303355	0.004010	0.5
867	-0.010860	5.822521	218.795875	0.007164	0.5
868	-0.022376	4.895662	226.627025	0.016705	0.4
869	-0.033278	5.895662	218.200869	0.020873	0.5
870	-0.012324	4.931468	226.314104	0.006408	0.5
871	-0.025344	3.967306	235.053674	0.011079	0.5
872	-0.015010	4.967294	226.001868	0.013384	0.5
873	-0.012155	4.003099	234.717178	0.015378	0.5
874	-0.018153	3.038905	244.131626	0.014630	0.4
875	-0.000169	4.038905	234.381534	0.000096	0.4
876	-0.010544	4.076158	234.033340	0.010181	0.4
877	-0.013703	4.064266	234.144376	0.026937	0.4
878	-0.004294	3.100071	243.512013	0.011469	0.4
879	-0.014279	2.135877	253.660448	0.013841	0.5
880	-0.013184	1.174766	264.654742	0.007731	0.5
881	-0.008199	2.174766	253.234789	0.005197	0.4
882	-0.004797	1.507737	260.739540	0.008073	0.4
883	-0.001809	0.543542	272.409098	0.004484	0.4
884	-0.013597	0.000000	279.459852	0.038686	0.5
885	-0.006309	0.000000	279.459852	0.005177	0.4
886	-0.004061	0.000000	279.459852	0.008429	0.4
887	-0.012021	0.000000	279.459852	0.027203	0.5
888	-0.009119	0.000000	279.459852	0.000506	0.5
889	-0.006044	0.791120	269.314149	0.007555	0.4
890	-0.007385	0.740620	269.939717	0.004410	0.5
891	-0.007757	1.739822	258.078401	0.006005	0.4
892	-0.006292	0.776286	269.497604	0.004881	0.4
893	-0.003763	1.469597	261.182112	0.012871	0.4
894	-0.005591	0.505403	272.892209	0.012613	0.4
895	-0.007141	1.505403	260.766578	0.014980	0.6
896	-0.006087	2.505403	249.672679	0.009645	0.4
897	-0.002948	1.541208	260.352365	0.003174	0.5
898	-0.009984	2.541208	249.292934	0.020192	0.4
899	-0.007461	3.541208	239.134798	0.011123	0.5
900	-0.013701	2.577014	248.914343	0.007120	0.5
901	-0.000817	1.612819	259.527873	0.001082	0.4
902	-0.010536	1.564814	260.080004	0.006013	0.5
903	-0.003080	0.688591	270.587286	0.006462	0.5
904	-0.004537	0.000000	279.459852	0.002667	0.5
905	-0.003611	0.000000	279.459852	0.005234	0.6
906	-0.012097	0.062834	278.626174	0.007296	0.5
907	-0.010168	0.000000	279.459852	0.010252	0.6
908	-0.008075	0.000000	279.459852	0.016494	0.5
909	-0.011657	0.919316	267.739056	0.011418	0.5
910	-0.011861	0.000000	279.459852	0.009834	0.5
911	-0.008072	1.000000	266.757132	0.009979	0.5
912	-0.010260	2.000000	255.158996	0.011031	0.5
913	-0.004539	3.000000	244.527371	0.015879	0.4
914	-0.012012	4.000000	234.746276	0.007313	0.4
915	-0.009450	3.035805	244.163105	0.020253	0.5
916	-0.009435	2.071611	254.367019	0.009351	0.5
917	-0.010427	1.107416	265.461001	0.010841	0.5
918	-0.010194	2.107416	253.972871	0.005713	0.6
919	-0.004780	1.143222	265.031751	0.013531	0.6
920	-0.003840	2.143222	253.579943	0.004086	0.4
921	-0.004683	1.696467	258.571380	0.007620	0.4
922	-0.007125	1.883936	256.453125	0.007357	0.5
923	-0.005721	0.925774	267.660197	0.005874	0.4
924	-0.004764	1.925757	255.985301	0.003473	0.5
925	-0.003380	1.245075	263.818259	0.005714	0.6
926	-0.005896	0.343375	274.963862	0.018436	0.5
927	-0.004843	1.343369	262.657659	0.002111	0.5
928	-0.006571	0.404830	274.174427	0.022389	0.5
929	-0.009220	1.404799	261.937496	0.028170	0.4
930	-0.002486	2.404799	250.745881	0.008896	0.5
931	-0.007050	1.440604	261.519557	0.017179	0.5
932	-0.010154	0.476421	273.260473	0.009510	0.5
933	-0.001323	0.000000	279.459852	0.002688	0.5
934	-0.004056	0.000000	279.459852	0.018958	0.5
935	-0.006458	0.000000	279.459852	0.005591	0.5
936	-0.007418	0.000000	279.459852	0.003024	0.7
937	-0.002311	0.999997	266.757172	0.002089	0.6
938	-0.000291	1.048957	266.164833	0.000747	0.5
939	-0.004788	1.066022	265.958987	0.004210	0.5
940	-0.003144	0.367296	274.656035	0.004432	0.5
941	-0.000928	1.332420	262.786434	0.000729	0.6
942	-0.008068	1.488834	260.958700	0.010819	0.5
943	-0.004187	2.435762	250.414600	0.020568	0.5
944	-0.008269	1.539502	260.372079	0.002545	0.4
945	-0.008648	0.575464	272.006059	0.007485	0.5
946	-0.002118	0.000000	279.459852	0.001304	0.5
947	-0.003474	0.000000	279.459852	0.008201	0.5
948	-0.000034	0.252910	276.134273	0.000280	0.5
949	-0.003287	0.250568	276.164705	0.007071	0.5
950	-0.005234	0.903955	267.926819	0.006287	0.5
951	-0.009568	0.106087	278.055182	0.010477	0.5
952	-0.002648	1.104746	265.493069	0.001083	0.5
953	-0.000546	1.883134	256.462116	0.004106	0.6
954	-0.014673	2.653613	248.108270	0.011143	0.6
955	-0.000175	1.855546	256.771676	0.000026	0.6
956	-0.000389	1.835302	256.999317	0.009503	0.5
957	-0.009270	1.835859	256.993040	0.007333	0.5
958	-0.006691	2.835636	246.213568	0.008690	0.6
959	-0.001030	1.871441	256.593227	0.001103	0.5
960	-0.005270	0.908507	267.871143	0.004028	0.5
961	-0.015077	0.085932	278.320968	0.012644	0.5
962	-0.004519	1.085914	265.719452	0.000132	0.5
963	-0.002199	1.007030	266.671922	0.015953	0.5
964	-0.006648	0.866164	268.389866	0.015391	0.5
965	-0.001257	0.000000	279.459852	0.001312	0.6
966	-0.000295	0.999946	266.757788	0.000583	0.8
967	-0.000267	0.641275	271.178887	0.000602	0.6
968	-0.000261	0.649567	271.075024	0.000288	0.6
969	-0.003283	0.623633	271.400129	0.006939	0.5
970	-0.002399	1.070856	265.900733	0.001988	0.5
971	-0.003892	1.657015	259.021628	0.006522	0.5
972	-0.003749	1.784119	257.576648	0.007103	0.5
973	-0.011115	0.819924	268.958630	0.005787	0.5
974	-0.008708	0.000000	279.459852	0.005346	0.5
975	-0.000026	0.000000	279.459852	0.000054	0.4
976	-0.005967	0.000000	279.459852	0.001887	0.5
977	-0.003189	0.003014	279.419747	0.004683	0.5
978	-0.007783	0.000000	279.459852	0.006514	0.5
979	-0.003173	0.636666	271.236653	0.006344	0.4
980	-0.002966	1.636649	259.254668	0.003447	0.6
981	-0.000129	0.727140	270.107198	0.000104	0.5
982	-0.001199	0.796253	269.250724	0.000632	0.5
983	-0.004940	0.794353	269.274193	0.008148	0.5
984	-0.004669	0.698182	270.467679	0.002729	0.5
985	-0.003619	0.000000	279.459852	0.003126	0.5
986	-0.007295	0.000000	279.459852	0.012906	0.4
987	-0.002875	0.081358	278.381344	0.001542	0.4
988	-0.003640	0.000000	279.459852	0.003577	0.4
989	-0.012905	0.000000	279.459852	0.008741	0.8
990	-0.002847	0.000000	279.459852	0.011619	0.4
991	-0.008449	0.000000	279.459852	0.012279	0.4
992	-0.003200	0.994723	266.821130	0.010399	0.4
993	-0.014503	1.994723	255.217549	0.007154	0.5
994	-0.011483	2.994723	244.581146	0.005996	0.5
995	-0.004598	2.030529	254.820763	0.015840	0.4
996	-0.012685	1.066334	265.955226	0.023042	0.4
997	-0.009730	2.066334	254.425209	0.008811	0.5
998	-0.015245	3.066334	243.853379	0.012677	0.7
999	-0.007887	4.066334	234.125059	0.009564	0.5
1000	-0.005869	3.589181	238.668258	0.008233	0.4
1001	-0.007905	2.804834	246.532145	0.004969	0.4
1002	-0.000097	3.804834	236.593270	0.000432	0.5
1003	-0.011382	3.814950	236.496823	0.003811	0.4
1004	-0.002129	3.842424	236.235276	0.001844	0.4
1005	-0.006004	4.489422	230.238912	0.006236	0.4
1006	-0.004311	4.697349	228.375970	0.005815	0.4
1007	-0.008705	5.697224	219.822742	0.008547	0.5
1008	-0.009386	6.694523	211.906766	0.010672	0.4
1009	-0.004489	7.694512	204.521925	0.001227	0.4
1010	-0.005528	6.748243	211.496523	0.006622	0.4
1011	-0.001631	7.383495	206.763015	0.001904	0.5
1012	-0.008630	7.899384	203.072041	0.002967	0.5
1013	-0.005268	7.947180	202.736740	0.004118	0.5
1014	-0.004553	8.150367	201.323599	0.005653	0.5
1015	-0.012283	9.138912	194.720264	0.014367	0.5
1016	-0.006573	8.174718	201.155567	0.015901	0.5
1017	-0.007033	9.174718	194.489206	0.005259	0.6
1018	-0.003863	10.174718	188.250522	0.004719	0.5
1019	-0.000540	11.174637	182.400097	0.004482	0.5
1020	-0.003644	10.221721	187.967118	0.008351	0.5
1021	-0.004319	11.221721	182.133565	0.005430	0.5
1022	-0.003633	10.466975	186.502099	0.005419	0.5
1023	-0.003554	11.446060	180.874255	0.010912	0.4
1024	-0.000385	12.446060	175.466316	0.000668	0.4
1025	-0.004205	13.437812	170.413174	0.022684	0.4
1026	-0.007023	12.482859	175.273468	0.007091	0.5
1027	-0.004045	11.998243	177.847557	0.006593	0.5
1028	-0.006724	12.998243	172.616476	0.016754	0.5
1029	-0.002809	12.472488	175.327776	0.008197	0.4
1030	-0.017604	11.508294	180.527990	0.012075	0.7
1031	-0.013123	10.544099	186.046109	0.014176	0.6
1032	-0.008863	9.579905	191.912204	0.010312	0.5
1033	-0.007040	10.579905	185.835168	0.007787	0.6
1034	-0.000923	9.615710	191.687759	0.001829	0.5
1035	-0.001055	9.012151	195.542693	0.001870	0.5
1036	-0.007361	9.027690	195.441506	0.011041	0.4
1037	-0.006082	9.990049	189.372300	0.011022	0.5
1038	-0.012548	10.989067	183.458207	0.011173	0.5
1039	-0.008063	11.989067	177.897025	0.009143	0.5
1040	-0.007968	11.024873	183.253091	0.001799	0.6
1041	-0.009764	11.583646	180.110505	0.007659	0.5
1042	-0.009415	12.583645	174.747465	0.011349	0.5
1043	-0.004806	13.583645	169.694572	0.005200	0.6
1044	-0.003192	12.619451	174.561355	0.010697	0.5
1045	-0.001661	13.614214	169.544713	0.000608	0.5
1046	-0.000102	12.822904	173.511328	0.000243	0.5
1047	-0.008983	12.869932	173.270404	0.005776	0.5
1048	-0.019398	12.807196	173.591946	0.006823	0.4
1049	-0.010069	11.843151	178.687389	0.018983	0.4
1050	-0.017434	12.843151	173.407520	0.007009	0.5
1051	-0.013015	11.878957	178.492796	0.009998	0.5
1052	-0.009721	12.528108	175.036924	0.007972	0.5
1053	-0.009757	13.528108	169.967520	0.009726	0.5
1054	-0.007627	12.563914	174.850197	0.008303	0.5
1055	-0.000141	11.599719	180.021702	0.000211	0.5
1056	-0.014986	11.618437	179.918398	0.016677	0.5
1057	-0.011299	11.433885	180.942149	0.012093	0.5
1058	-0.002621	10.469691	186.486005	0.030389	0.4
1059	-0.015040	11.469691	180.742618	0.013673	0.4
1060	-0.004520	12.469691	175.342430	0.000180	0.5
1061	-0.006879	12.534367	175.004257	0.012777	0.6
1062	-0.012956	11.864192	178.572987	0.009638	0.5
1063	-0.018728	12.814673	173.553561	0.027759	0.5
1064	-0.008081	13.814673	168.568492	0.012286	0.5
1065	-0.007165	14.814673	163.861804	0.010806	0.5
1066	-0.011561	15.465578	160.936897	0.006016	0.5
1067	-0.014356	16.465578	156.641303	0.014818	0.6
1068	-0.011044	15.501383	160.779028	0.011964	0.5
1069	-0.008805	16.500966	156.493487	0.008213	0.6
1070	-0.016850	17.500134	152.432118	0.009249	0.5
1071	-0.009447	18.499927	148.573868	0.029677	0.5
1072	-0.009224	19.499927	144.905371	0.011894	0.6
1073	-0.005312	20.499927	141.413669	0.001319	0.4
1074	-0.000714	20.396352	141.767491	0.005844	0.4
1075	-0.014035	20.401864	141.748617	0.008884	0.4
1076	-0.003704	19.437670	145.128464	0.005114	0.4
1077	-0.015460	20.309488	142.065593	0.008116	0.5
1078	-0.007025	21.305282	138.721613	0.019121	0.5
1079	-0.007659	22.305282	135.518271	0.004780	0.5
1080	-0.011836	21.341087	138.604304	0.003919	0.5
1081	-0.015100	20.504541	141.397947	0.005902	0.5
1082	-0.012457	19.739521	144.053165	0.006775	0.4
1083	-0.010072	18.775326	147.545161	0.011366	0.4
1084	-0.007576	19.775285	143.926816	0.010754	0.5
1085	-0.009701	18.811090	147.412615	0.016306	0.4
1086	-0.007631	17.846896	151.071451	0.011214	0.5
1087	-0.007546	18.846896	147.280154	0.023533	0.5
1088	-0.005187	19.846896	143.674490	0.005611	0.4
1089	-0.004222	20.846896	140.241153	0.006735	0.4
1090	-0.007735	21.846896	136.968077	0.005093	0.4
1091	-0.010550	21.314341	138.691914	0.007231	0.4
1092	-0.014632	22.157311	135.982914	0.002626	0.4
1093	-0.010201	23.083343	133.126404	0.009079	0.5
1094	-0.003898	24.082785	130.175118	0.008469	0.7
1095	-0.004535	23.118591	133.020044	0.009293	0.5
1096	-0.008161	24.115778	130.079921	0.009846	0.5
1097	-0.004045	23.151584	132.920642	0.006516	0.5
1098	-0.018510	22.187389	135.888207	0.013079	0.5
1099	-0.013933	21.223195	138.991303	0.015366	0.5
1100	-0.019047	22.223195	135.775639	0.019965	0.5
1101	-0.017157	23.223195	132.705403	0.012677	0.4
1102	-0.003249	22.259000	135.663257	0.005774	0.4
1103	-0.011779	21.294806	138.755972	0.006914	0.5
1104	-0.000173	20.409299	141.723166	0.000041	0.5
1105	-0.003376	20.211058	142.404909	0.007612	0.5
1106	-0.014119	20.222519	142.365315	0.019330	0.4
1107	-0.000838	19.258325	145.774991	0.001707	0.5
1108	-0.000419	20.103357	142.778044	0.001497	0.5
1109	-0.000945	20.106835	142.765964	0.012755	0.4
1110	-0.001952	20.183191	142.501269	0.000507	0.5
1111	-0.009158	20.215645	142.389057	0.011969	0.5
1112	-0.003647	20.543508	141.265317	0.009364	0.5
1113	-0.010291	21.543508	137.944827	0.007965	0.5
1114	-0.009036	22.543508	134.776850	0.007393	0.5
1115	-0.007317	22.259626	135.661296	0.008304	0.5
1116	-0.006420	22.899537	133.683799	0.006349	0.7
1117	-0.004842	21.935343	136.685922	0.003872	0.5
1118	-0.008190	21.991899	136.506110	0.009888	0.5
1119	-0.004460	21.027709	139.637800	0.009970	0.6
1120	-0.009875	22.027709	136.392501	0.004490	0.5
1121	-0.015857	23.027709	133.294622	0.011045	0.5
1122	-0.001554	24.027708	130.334348	0.002154	0.5
1123	-0.013858	25.027706	127.502701	0.006913	0.5
1124	-0.008616	25.311554	126.721227	0.013166	0.5
1125	-0.006339	24.347359	129.415627	0.007411	0.6
1126	-0.012611	23.383165	132.227094	0.011205	0.5
1127	-0.007204	22.418970	135.163429	0.032233	0.5
1128	-0.000872	23.418970	132.120508	0.002085	0.5
1129	-0.017945	23.319013	132.418493	0.016626	0.5
1130	-0.004204	23.001250	133.374778	0.002267	0.5
1131	-0.003923	23.995065	130.428902	0.005514	0.5
1132	-0.007866	24.950352	127.717345	0.009657	0.5
1133	-0.002582	25.950352	124.997081	0.002916	0.5
1134	-0.005856	25.434836	126.384787	0.013531	0.5
1135	-0.005934	26.433778	123.723161	0.003301	0.5
1136	-0.000676	27.432046	121.173012	0.001922	0.5
1137	-0.004804	27.590484	120.777905	0.007970	0.5
1138	-0.001959	27.855096	120.123742	0.001285	0.5
1139	-0.000800	27.424132	121.192816	0.000395	0.6
1140	-0.000832	27.497463	121.009565	0.001135	0.5
1141	-0.004430	27.537376	120.910056	0.012633	0.5
1142	-0.003854	26.704227	123.021738	0.004214	0.5
1143	-0.007325	25.740032	125.559538	0.007929	0.5
1144	-0.001937	26.740032	122.929471	0.003108	0.4
1145	-0.000944	25.776074	125.462793	0.001077	0.6
1146	-0.004627	24.922433	127.794992	0.004839	0.5
1147	-0.000413	25.147796	127.170903	0.001803	0.4
1148	-0.008682	25.172447	127.103009	0.017270	0.5
1149	-0.001591	26.172190	124.409252	0.004671	0.5
1150	-0.002225	25.207996	127.005225	0.001815	0.4
1151	-0.004915	26.199555	124.337124	0.004785	0.4
1152	-0.005564	25.237765	126.923455	0.008823	0.4
1153	-0.009043	26.199442	124.337422	0.010221	0.4
1154	-0.005500	26.654373	123.150439	0.011307	0.5
1155	-0.003495	25.690178	125.693607	0.012260	0.4
1156	-0.003846	24.821813	128.075614	0.011097	1.0
1157	-0.000728	23.981223	130.469037	0.000962	0.6
1158	-0.001188	24.981220	127.631606	0.001396	0.5
1159	-0.003937	24.893101	127.876670	0.005809	0.5
1160	-0.002739	23.992904	130.435167	0.004032	0.4
1161	-0.011254	23.028716	133.291574	0.013294	0.5
1162	-0.007337	22.064541	136.275848	0.011314	0.4
1163	-0.003603	23.051517	133.222584	0.008920	0.4
1164	-0.000533	22.091920	136.189264	0.001041	0.4
1165	-0.000242	22.461736	135.030431	0.000573	0.5
1166	-0.000974	22.465896	135.017505	0.001952	0.5
1167	-0.004493	22.426477	135.140065	0.008048	0.4
1168	-0.009029	21.603361	137.751031	0.012023	0.4
1169	-0.003498	20.639166	140.940787	0.008667	0.4
1170	-0.001127	19.807704	143.812475	0.001944	0.7
1171	-0.006324	20.721770	140.661743	0.004301	0.5
1172	-0.001604	19.769531	143.947126	0.005085	0.5
1173	-0.004264	18.918041	147.017658	0.016255	0.5
1174	-0.009239	19.311619	145.582269	0.011307	0.5
1175	-0.008309	20.311592	142.058357	0.010615	0.4
1176	-0.000355	19.347398	145.453171	0.000332	0.4
1177	-0.002641	18.905856	147.062548	0.035820	0.5
1178	-0.007720	18.505032	148.554669	0.037703	0.5
1179	-0.021073	17.540837	152.271132	0.012467	0.5
1180	-0.004713	16.576643	156.178319	0.011526	0.4
1181	-0.009610	17.475422	152.530021	0.007978	0.5
1182	-0.006121	16.511227	156.450677	0.007922	0.5
1183	-0.002900	17.511227	152.388208	0.015983	0.4
1184	-0.016142	18.511227	148.531376	0.008061	0.4
1185	-0.008290	19.510669	144.866945	0.009760	0.4
1186	-0.009997	20.510669	141.377073	0.007474	0.4
1187	-0.004352	21.510602	138.051606	0.007049	0.5
1188	-0.021175	22.510602	134.878779	0.012283	0.5
1189	-0.005951	21.633856	137.652500	0.006194	0.7
1190	-0.015595	20.707235	140.710763	0.012088	0.5
1191	-0.000830	21.707235	137.415987	0.002029	0.5
1192	-0.004469	21.284258	138.790585	0.002073	0.5
1193	-0.010947	21.102379	139.390149	0.005287	0.4
1194	-0.003470	20.338332	141.966465	0.012638	0.4
1195	-0.011366	19.565886	144.669758	0.014038	0.4
1196	-0.004621	20.565886	141.189266	0.008244	0.5
1197	-0.000958	19.601691	144.542178	0.001138	0.5
1198	-0.015329	19.596679	144.560024	0.012241	0.6
1199	-0.007426	19.337825	145.487690	0.009473	0.7
1200	-0.003572	18.373630	149.050441	0.007221	0.5
1201	-0.007962	19.248171	145.811767	0.012385	0.4
1202	-0.013988	20.248171	142.276780	0.013704	0.4
1203	-0.019376	19.283976	145.682166	0.011151	0.4
1204	-0.017358	20.283976	142.153384	0.011847	0.5
1205	-0.009159	21.283976	138.791510	0.009621	0.4
1206	-0.023583	20.319782	142.030201	0.026073	0.5
1207	-0.010753	19.355587	145.423653	0.012536	0.5
1208	-0.012493	20.355587	141.907232	0.023876	0.5
1209	-0.004230	21.355587	138.556854	0.001234	0.5
1210	-0.008582	21.465399	138.198559	0.013465	0.5
1211	-0.003540	22.465380	135.019109	0.009177	0.7
1212	-0.010178	23.465203	131.983135	0.007473	0.5
1213	-0.003325	24.233332	129.741865	0.013461	0.5
1214	-0.017519	24.050593	130.268138	0.023647	0.4
1215	-0.007380	25.050593	127.439333	0.003394	0.4
1216	-0.012625	24.086399	130.164685	0.005733	0.6
1217	-0.005637	24.720713	128.358823	0.024487	0.7
1218	-0.012083	23.756519	131.124071	0.004469	0.5
1219	-0.011793	24.592534	128.719691	0.006784	0.6
1220	-0.008632	25.345198	126.629233	0.032887	0.6
1221	-0.007649	26.345198	123.954638	0.004877	0.5
1222	-0.007812	27.345198	121.390689	0.007379	0.5
1223	-0.007051	26.381359	123.860036	0.020614	0.5
1224	-0.017514	25.896825	125.139749	0.018009	0.5
1225	-0.004821	26.095654	124.611433	0.010351	0.5
1226	-0.003720	25.131459	127.215939	0.011044	0.5
1227	-0.016058	25.052660	127.433614	0.014567	0.5
1228	-0.009150	24.088466	130.158719	0.004981	0.4
1229	-0.008425	24.826835	128.061579	0.004761	0.4
1230	-0.005072	25.739910	125.559868	0.001128	0.4
1231	-0.003482	26.612278	123.259317	0.003250	0.4
1232	-0.008656	26.043386	124.749884	0.009496	0.4
1233	-0.001745	25.079209	127.360191	0.001601	0.4
1234	-0.012082	26.073063	124.671235	0.011677	0.5
1235	-0.013109	27.069795	122.086164	0.018923	0.4
1236	-0.015392	28.069795	119.598154	0.039362	0.4
1237	-0.014186	28.908535	117.588242	0.011629	0.5
1238	-0.011425	27.944340	119.904709	0.004296	0.4
1239	-0.011642	26.980146	122.314278	0.009961	0.5
1240	-0.007906	26.015957	124.822663	0.004879	0.5
1241	-0.012396	26.159680	124.442256	0.011369	0.4
1242	-0.017290	25.985190	124.904399	0.011970	0.4
1243	-0.010477	26.985190	122.301421	0.010057	0.4
1244	-0.007155	27.702835	120.499287	0.017129	0.4
1245	-0.003665	28.692011	118.100611	0.009538	0.4
1246	-0.001970	27.727817	120.437509	0.001648	0.5
1247	-0.001277	26.763622	122.868757	0.006798	0.5
1248	-0.023066	27.114171	121.973564	0.013427	0.5
1249	-0.007936	26.149978	124.467860	0.011432	0.4
1250	-0.007065	27.149978	121.882856	0.012062	0.4
1251	-0.009508	28.149978	119.403041	0.001784	0.5
1252	-0.013860	28.910871	117.582740	0.011263	0.4
1253	-0.014066	29.904543	115.287488	0.013257	0.7
1254	-0.005524	30.904543	113.066344	0.004628	0.5
1255	-0.005188	31.874440	110.992323	0.004159	0.5
1256	-0.019703	30.910477	113.053419	0.012669	0.4
1257	-0.023130	30.581686	113.774043	0.024234	0.4
1258	-0.012996	31.581686	111.610285	0.022606	0.5
1259	-0.017014	32.581686	109.527291	0.023262	0.5
1260	-0.007975	31.617491	111.534335	0.004870	0.4
1261	-0.008176	32.617491	109.454150	0.003970	0.5
1262	-0.005203	32.692738	109.300756	0.005827	0.5
1263	-0.012670	31.818474	111.109930	0.011249	0.5
1264	-0.011624	30.854279	113.175942	0.009721	0.4
1265	-0.006583	29.890085	115.320242	0.005150	0.4
1266	-0.017148	28.925890	117.547366	0.012241	0.5
1267	-0.016764	28.036500	119.679359	0.009762	0.5
1268	-0.010580	27.072306	122.079787	0.007115	0.5
1269	-0.009315	28.072306	119.592034	0.009119	0.5
1270	-0.019013	29.072306	117.203648	0.011081	0.5
1271	-0.013830	30.072306	114.908791	0.012189	0.5
1272	-0.003173	29.108111	117.119898	0.003867	0.5
1273	-0.010189	28.804863	117.833010	0.006748	0.4
1274	-0.010103	27.918234	119.968699	0.006571	0.5
1275	-0.011642	28.918234	117.565395	0.012266	0.4
1276	-0.010897	27.954039	119.880953	0.011217	0.5
1277	-0.016113	26.989845	122.289557	0.008004	0.5
1278	-0.011238	26.626409	123.222746	0.007369	0.5
1279	-0.006859	27.626409	120.688675	0.006537	0.5
1280	-0.015829	28.626409	118.256731	0.024083	0.5
1281	-0.010062	27.662215	120.599873	0.008504	0.4
1282	-0.003744	26.698020	123.037747	0.000929	0.5
1283	-0.011321	26.386853	123.845678	0.002203	0.5
1284	-0.007652	27.058181	122.115670	0.004388	0.5
1285	-0.005848	26.096372	124.609532	0.025309	0.6
1286	-0.011027	26.994327	122.278137	0.010436	0.7
1287	-0.017128	26.030133	124.785039	0.012297	0.5
1288	-0.010697	27.030130	122.186987	0.014684	0.5
1289	-0.005009	26.065936	124.690115	0.007355	0.4
1290	-0.000176	25.922986	125.069980	0.000238	0.5
1291	-0.003709	25.889102	125.160361	0.008180	0.5
1292	-0.019716	26.096110	124.610225	0.009860	0.5
1293	-0.003688	26.199990	124.335977	0.003110	0.5
1294	-0.004075	27.177561	121.813077	0.003423	0.5
1295	-0.010015	26.222872	124.275731	0.009765	0.4
1296	-0.011301	27.222868	121.698628	0.014890	0.5
1297	-0.018487	28.219661	119.233996	0.013228	0.5
1298	-0.004432	29.219661	116.859747	0.024601	0.4
1299	-0.020703	28.255467	119.147321	0.012985	0.4
1300	-0.013007	27.291272	121.526244	0.006919	0.5
1301	-0.010316	28.291268	119.060783	0.018351	0.5
1302	-0.022894	29.291268	116.693358	0.025772	0.5
1303	-0.027145	30.291268	114.418247	0.019590	0.5
1304	-0.009391	29.327073	116.610336	0.001323	0.5
1305	-0.026913	28.401214	118.795802	0.026695	0.4
1306	-0.015895	27.438296	121.157376	0.011015	0.5
1307	-0.014883	28.438296	118.706698	0.015931	0.4
1308	-0.011211	29.438296	116.353194	0.009420	0.5
1309	-0.008449	30.438296	114.091199	0.008892	0.6
1310	-0.025126	31.438296	111.915476	0.012575	0.6
1311	-0.019301	32.438296	109.821182	0.020954	0.5
1312	-0.019450	31.474102	111.839111	0.026834	0.5
1313	-0.015543	32.474101	109.747649	0.013787	0.5
1314	-0.023878	33.474101	107.732973	0.037925	0.5
1315	-0.015066	32.510556	109.672882	0.022764	0.5
1316	-0.020524	31.546362	111.685314	0.011459	0.5
1317	-0.010341	30.582167	113.772980	0.009774	0.7
1318	-0.006820	31.582167	111.609262	0.010254	0.6
1319	-0.007701	32.582167	109.526307	0.005280	0.5
1320	-0.015549	31.618055	111.533140	0.010652	0.4
1321	-0.010358	30.653868	113.615053	0.004132	0.5
1322	-0.019805	30.892039	113.093589	0.025122	0.5
1323	-0.021784	29.927845	115.234739	0.011527	0.5
1324	-0.003706	30.927845	113.015607	0.001684	0.4
1325	-0.027350	31.927845	110.880330	0.017328	0.5
1326	-0.022056	32.927845	108.824243	0.012235	0.5
1327	-0.003330	33.927845	106.843022	0.002983	0.5
1328	-0.033374	32.963650	108.752037	0.033463	0.5
1329	-0.008488	31.999483	110.730456	0.008986	0.5
1330	-0.015027	32.999483	108.679873	0.014839	0.5
1331	-0.014918	33.999483	106.703857	0.010983	0.5
1332	-0.022235	33.035288	108.607858	0.016469	0.5
1333	-0.011273	34.035288	106.634436	0.010008	0.5
1334	-0.012181	33.073988	108.530129	0.030483	0.5
1335	-0.015267	34.073988	106.559505	0.006114	0.5
1336	-0.014904	35.073988	104.659168	0.045547	0.5
1337	-0.010914	34.109793	106.490272	0.000855	0.6
1338	-0.010511	33.616151	107.452773	0.010218	0.5
1339	-0.006510	34.302508	106.119183	0.003130	0.5
1340	-0.017621	35.137476	104.540805	0.017767	0.5
1341	-0.005460	34.173281	106.367734	0.008140	0.5
1342	-0.011093	35.173279	104.474175	0.015090	0.5
1343	-0.013924	34.209084	106.298755	0.018651	0.5
1344	-0.021176	33.244889	108.188199	0.016460	0.5
1345	-0.008807	32.280695	110.146028	0.012435	0.5
1346	-0.015608	33.277648	108.122903	0.010170	0.5
1347	-0.014682	34.277636	106.166929	0.011652	0.6
1348	-0.009918	35.277636	104.280444	0.010761	0.7
1349	-0.007973	34.546883	105.652317	0.009635	0.5
1350	-0.010430	35.423581	104.010714	0.003683	0.8
1351	-0.000480	35.458115	103.947093	0.001510	0.5
1352	-0.011302	35.428654	104.001363	0.020994	0.5
1353	-0.012238	36.044009	102.879461	0.017397	0.5
1354	-0.018398	35.079814	104.648294	0.021829	0.5
1355	-0.010167	36.079814	102.814926	0.008353	0.5
1356	-0.008149	37.079814	101.044691	0.008296	0.5
1357	-0.024618	36.115620	102.750472	0.009273	0.5
1358	-0.015261	37.115620	100.982437	0.022231	0.5
1359	-0.008641	38.115620	99.274218	0.009074	0.5
1360	-0.006933	39.115374	97.623229	0.007214	0.4
1361	-0.010645	38.192838	99.144713	0.016381	0.4
1362	-0.026404	37.490821	100.334664	0.012407	0.4
1363	-0.004474	38.484568	98.658477	0.002830	0.5
1364	-0.021933	39.468417	97.053259	0.029242	0.5
1365	-0.017870	38.918446	97.944077	0.011228	0.5
1366	-0.018742	37.954252	99.545949	0.016117	0.5
1367	-0.010604	36.990057	101.201089	0.004774	0.5
1368	-0.022568	37.990057	99.485527	0.024582	0.5
1369	-0.024534	38.990057	97.827160	0.021758	0.5
1370	-0.013803	38.025863	99.425178	0.013607	0.4
1371	-0.020001	39.025863	97.768806	0.023660	0.5
1372	-0.029141	40.025863	96.166718	0.017958	0.5
1373	-0.019998	39.061668	97.710521	0.013829	0.5
1374	-0.026192	40.061668	96.110327	0.020509	0.4
1375	-0.024317	39.097474	97.652306	0.009294	0.5
1376	-0.024533	38.133280	99.244570	0.011694	0.8
1377	-0.020841	37.169085	100.889620	0.014153	1.1
1378	-0.013826	36.204891	102.590125	0.020008	0.6
1379	-0.014744	37.204872	100.827589	0.011073	0.5
1380	-0.022510	38.204872	99.124560	0.018791	0.5
1381	-0.006583	37.240677	100.765602	0.012663	0.5
1382	-0.013548	36.276483	102.461893	0.019638	0.5
1383	-0.019050	35.312289	104.216274	0.008495	0.5
1384	-0.013083	34.348094	106.031780	0.011193	0.5
1385	-0.013879	33.383900	107.911661	0.012115	0.5
1386	-0.011622	34.383900	105.963230	0.008129	0.5
1387	-0.032636	33.419705	107.840660	0.025880	0.5
1388	-0.026115	32.455510	109.785817	0.016216	0.5
1389	-0.007033	33.455510	107.769753	0.004399	0.5
1390	-0.016183	32.491316	109.712330	0.010796	0.4
1391	-0.010327	33.486963	107.707543	0.012357	0.5
1392	-0.014639	32.522769	109.647856	0.011978	0.6
1393	-0.020131	31.558575	111.659361	0.009476	0.5
1394	-0.012336	32.558575	109.574553	0.012264	0.5
1395	-0.016451	33.558575	107.566169	0.009335	0.5
1396	-0.025274	34.520764	105.702020	0.017680	0.5
1397	-0.018764	35.491574	103.885527	0.007847	0.5
1398	-0.015763	36.491574	102.078557	0.023430	0.5
1399	-0.009055	35.527379	103.819724	0.016726	0.5
1400	-0.013086	36.527379	102.015023	0.027695	0.5
1401	-0.021576	35.563185	103.754004	0.018715	0.5
1402	-0.006144	34.598990	105.553300	0.010241	0.5
1403	-0.015566	33.634796	107.416104	0.018049	0.5
1404	-0.019778	34.634796	105.485368	0.023206	0.4
1405	-0.010910	35.634796	103.622814	0.009515	0.5
1406	-0.014551	34.670601	105.417523	0.006401	0.5
1407	-0.006150	33.706407	107.275496	0.007871	0.5
1408	-0.023526	32.789279	109.104584	0.008788	0.7
1409	-0.020191	31.827372	111.091215	0.019328	0.5
1410	-0.006658	30.863177	113.156525	0.017034	0.5
1411	-0.024999	29.898983	115.300082	0.018977	0.4
1412	-0.021520	30.898983	113.078457	0.012098	0.4
1413	-0.025679	29.934788	115.219030	0.020472	0.4
1414	-0.020793	28.970594	117.442209	0.011158	0.5
1415	-0.019118	29.970594	115.138092	0.016240	0.4
1416	-0.017908	29.006399	117.358118	0.019888	0.4
1417	-0.025582	28.046660	119.654569	0.017709	0.4
1418	-0.022764	29.046660	117.263709	0.019690	0.5
1419	-0.002777	28.082465	119.567281	0.001662	0.5
1420	-0.017917	29.082465	117.179873	0.028553	0.5
1421	-0.012565	28.118271	119.480121	0.004255	0.6
1422	-0.016353	29.118271	117.096158	0.008858	0.6
1423	-0.030004	30.118270	114.805467	0.013016	0.5
1424	-0.008954	31.118270	112.602679	0.024831	0.5
1425	-0.016076	32.118270	110.482831	0.010515	0.5
1426	-0.018594	31.154076	112.525374	0.022669	0.6
1427	-0.018152	32.153945	110.408679	0.013535	0.5
1428	-0.013772	31.192415	112.442715	0.013365	0.8
1429	-0.012665	30.228221	114.559062	0.011077	0.5
1430	-0.010451	31.228221	112.365629	0.013251	0.5
1431	-0.011279	32.228221	110.254613	0.011436	0.4
1432	-0.011362	31.388834	112.021140	0.006095	0.5
1433	-0.016589	30.424668	114.121435	0.032465	0.4
1434	-0.014485	29.460473	116.302058	0.007898	0.5
1435	-0.027194	30.460473	114.042031	0.009632	0.4
1436	-0.017097	31.460473	111.868165	0.011893	0.5
1437	-0.013326	30.557387	113.827664	0.009731	0.9
1438	-0.003713	31.557387	111.661886	0.000869	0.6
1439	-0.014522	31.031975	112.789432	0.020886	0.5
1440	-0.014312	30.320480	114.353119	0.030165	0.5
1441	-0.019740	31.320480	112.167490	0.021363	0.5
1442	-0.004891	32.320480	110.063843	0.013108	0.5
1443	-0.021704	31.621078	111.526732	0.027163	0.5
1444	-0.023345	30.656884	113.608419	0.006770	0.4
1445	-0.003999	31.656881	111.450902	0.003147	0.5
1446	-0.011443	30.692703	113.529698	0.013861	0.5
1447	-0.022654	29.728508	115.687551	0.012860	0.5
1448	-0.025900	28.764314	117.929023	0.022207	0.4
1449	-0.016971	29.764314	115.605954	0.024655	0.8
1450	-0.008152	30.764314	113.372640	0.004612	0.6
1451	-0.024799	29.803028	115.517856	0.015922	0.5
1452	-0.009815	28.838958	117.752399	0.007419	0.5
1453	-0.005196	27.874782	120.075357	0.019947	0.5
1454	-0.022784	28.874782	117.667821	0.009581	0.5
1455	-0.022886	29.874782	115.354930	0.014901	0.4
1456	-0.015616	28.910588	117.583407	0.019995	0.5
1457	-0.004732	29.910588	115.273800	0.007099	0.4
1458	-0.019975	28.946393	117.499114	0.019379	0.5
1459	-0.029187	29.946393	115.192785	0.012902	0.4
1460	-0.006894	28.982199	117.414940	0.011153	0.4
1461	-0.006086	28.018005	119.724516	0.007942	0.4
1462	-0.017456	29.018005	117.330888	0.012349	0.5
1463	-0.013920	28.069464	119.598960	0.008788	0.4
1464	-0.026807	29.069464	117.210299	0.026470	0.4
1465	-0.020363	30.069453	114.915211	0.007733	0.4
1466	-0.022885	29.109420	117.116839	0.013722	0.4
1467	-0.008637	30.109420	114.825347	0.009955	0.5
1468	-0.030433	29.145226	117.033213	0.020569	0.4
1469	-0.016177	28.181196	119.327251	0.027651	0.6
1470	-0.014570	29.181196	116.949323	0.013917	0.6
1471	-0.028396	30.181196	114.664317	0.010783	0.5
1472	-0.012845	29.217001	116.865936	0.002551	0.7
1473	-0.000313	30.217000	114.584159	0.000357	0.5
1474	-0.011553	29.747072	115.645231	0.008954	0.5
1475	-0.022817	30.472751	114.014829	0.018553	0.5
1476	-0.009842	29.508557	116.191341	0.016332	0.5
1477	-0.024574	28.544362	118.452568	0.008212	0.5
1478	-0.015720	29.544351	116.109057	0.010426	0.6
1479	-0.016889	28.580156	118.367051	0.010483	0.5
1480	-0.007702	27.794257	120.273517	0.008415	0.5
1481	-0.011751	27.895983	120.023293	0.011899	0.4
1482	-0.019566	26.936358	122.426006	0.017777	0.4
1483	-0.014026	25.972171	124.939019	0.027031	0.4
1484	-0.019827	25.007976	127.557380	0.006204	0.4
1485	-0.011841	24.043790	130.287813	0.006385	0.4
1486	-0.019383	25.043790	127.458163	0.011776	0.4
1487	-0.015821	24.079595	130.184329	0.010865	0.4
1488	-0.023705	25.079595	127.359124	0.013146	0.4
1489	-0.000231	24.115401	130.081009	0.000087	0.4
1490	-0.008806	24.084064	130.171427	0.009182	0.4
1491	-0.001978	24.024283	130.344262	0.000114	0.4
1492	-0.021229	24.127467	130.046230	0.029051	0.5
1493	-0.008020	23.268439	132.569772	0.004048	0.5
1494	-0.025034	22.304245	135.521517	0.012683	0.5
1495	-0.013325	21.340050	138.607699	0.024373	0.4
1496	-0.014740	22.340050	135.409555	0.020736	0.5
1497	-0.012732	23.340050	132.355667	0.011020	0.5
1498	-0.012789	24.340050	129.436489	0.006941	0.4
1499	-0.017305	23.378807	132.240077	0.014284	0.4
1500	-0.018026	23.793977	131.014419	0.007275	0.5
1501	-0.023413	24.793977	128.153468	0.014946	1.0
1502	-0.025997	25.793977	125.414793	0.017045	0.6
1503	-0.023462	26.793977	122.790722	0.044360	0.5
1504	-0.020119	27.793977	120.274208	0.013664	0.5
1505	-0.018184	28.766459	117.923939	0.013590	0.5
1506	-0.016974	29.766459	115.601068	0.029395	0.5
1507	-0.006982	30.766459	113.367942	0.009772	0.4
1508	-0.016502	31.766459	111.219457	0.025424	0.5
1509	-0.010674	32.766459	109.150891	0.022782	0.5
1510	-0.016777	33.766459	107.157866	0.009762	0.4
1511	-0.014040	34.766459	105.236320	0.016270	0.5
1512	-0.002342	35.764983	103.385160	0.008841	0.5
1513	-0.011184	34.800789	105.171576	0.007524	0.5
1514	-0.013368	33.914334	106.869308	0.013303	0.4
1515	-0.012545	32.967677	108.743922	0.011560	0.5
1516	-0.004121	33.967677	106.765597	0.011518	0.4
1517	-0.011875	34.967676	104.857970	0.006241	0.5
1518	-0.003746	34.003482	106.696099	0.005682	0.4
1519	-0.023515	33.039298	108.599799	0.027573	0.4
1520	-0.010643	32.075103	110.572689	0.008565	0.5
1521	-0.020193	33.075103	108.527891	0.013318	0.5
1522	-0.003397	34.075103	106.557347	0.018298	0.5
1523	-0.010289	35.075103	104.657086	0.009708	0.7
1524	-0.013453	36.075103	102.823413	0.028177	0.4
1525	-0.003318	37.075103	101.052888	0.003934	0.5
1526	-0.010498	36.110909	102.758948	0.012437	0.4
1527	-0.017166	37.110880	100.990674	0.008583	0.6
1528	-0.014488	36.146685	102.694616	0.009339	0.4
1529	-0.002788	37.146684	100.928487	0.001948	0.5
1530	-0.012341	36.184149	102.627336	0.003824	0.4
1531	-0.012231	36.032704	102.899853	0.037245	0.5
1532	-0.006697	37.032704	101.126718	0.006220	1.0
1533	-0.013560	36.068510	102.835293	0.009136	0.5
1534	-0.022224	37.065361	101.069842	0.031709	0.5
1535	-0.004444	36.101167	102.776479	0.002779	0.6
1536	-0.016591	36.031232	102.902510	0.014729	0.5
1537	-0.008277	36.613841	101.861927	0.010838	0.6
1538	-0.005864	37.613841	100.124079	0.014005	0.5
1539	-0.006009	36.664440	101.772547	0.002416	0.5
1540	-0.016915	35.701597	103.500734	0.022585	0.5
1541	-0.036888	36.690411	101.726731	0.015705	0.5
1542	-0.008698	35.761640	103.391249	0.008027	0.5
1543	-0.023638	34.797446	105.177877	0.019370	0.5
1544	-0.016442	35.797446	103.326071	0.013682	0.5
1545	-0.025376	34.833251	105.110427	0.011224	0.5
1546	-0.031338	35.833251	103.260974	0.021761	0.5
1547	-0.011550	36.833251	101.475479	0.010714	0.4
1548	-0.015698	35.869057	103.195960	0.027195	0.4
1549	-0.012088	34.904862	104.975787	0.008559	0.4
1550	-0.014525	33.940668	106.818084	0.010237	0.4
1551	-0.013520	34.940668	104.908596	0.014568	0.5
1552	-0.019179	35.940667	103.066178	0.025168	0.5
1553	-0.032797	36.940667	101.287356	0.015725	0.4
1554	-0.026826	35.976472	103.001408	0.012154	0.4
1555	-0.021198	36.976472	101.224801	0.012285	0.5
1556	-0.008485	37.976472	99.508442	0.016173	0.5
1557	-0.013012	37.012278	101.162325	0.020534	0.4
1558	-0.007891	38.012278	99.448066	0.007499	0.5
1559	-0.014540	37.048083	101.099925	0.014640	0.4
1560	-0.009772	38.048083	99.387763	0.012632	0.5
1561	-0.021241	37.083889	101.037603	0.028944	0.4
1562	-0.006440	38.083889	99.327533	0.012077	0.4
1563	-0.011243	37.119694	100.975357	0.018835	0.4
1564	-0.013939	36.155500	102.678778	0.018790	0.6
1565	-0.017215	35.191305	104.440658	0.019208	0.6
1566	-0.001442	34.227111	106.264058	0.004034	0.5
1567	-0.012959	33.262916	108.152257	0.010214	0.6
1568	-0.003342	32.629137	109.430381	0.011081	0.5
1569	-0.006518	33.628853	107.427788	0.015788	0.5
1570	-0.008646	32.664659	109.357947	0.005863	0.5
1571	-0.016867	33.632872	107.419887	0.016443	0.5
1572	-0.016659	34.632872	105.489016	0.009611	0.5
1573	-0.006375	33.668677	107.349532	0.024802	0.4
1574	-0.023779	34.668677	105.421167	0.008422	0.5
1575	-0.010419	33.704483	107.279269	0.007932	0.5
1576	-0.013285	34.704483	105.353404	0.020175	0.5
1577	-0.022827	35.704483	103.495467	0.014143	0.5
1578	-0.001266	36.704483	101.701924	0.002705	0.4
1579	-0.011580	35.945371	103.057665	0.007661	0.5
1580	-0.014461	35.496540	103.876395	0.009739	0.5
1581	-0.015471	34.532346	105.679975	0.014365	0.5
1582	-0.018383	33.568151	107.547292	0.011749	0.5
1583	-0.015829	34.568151	105.611880	0.009561	0.5
1584	-0.014438	33.603957	107.476770	0.009062	0.5
1585	-0.014977	32.639762	109.408705	0.025564	0.5
1586	-0.006382	31.675568	111.411365	0.005166	0.5
1587	-0.007047	32.675568	109.335721	0.004865	0.5
1588	-0.015418	33.675568	107.336003	0.008870	0.5
1589	-0.007803	32.711397	109.262787	0.012264	0.4
1590	-0.022976	33.631763	107.422067	0.018816	0.5
1591	-0.024764	32.667569	109.352017	0.010330	0.5
1592	-0.016967	33.667566	107.351714	0.009741	0.5
1593	-0.020458	32.703372	109.279115	0.009036	0.5
1594	-0.015592	33.703372	107.281448	0.010093	0.4
1595	-0.022678	34.703062	105.356092	0.014579	0.5
1596	-0.005089	35.703062	103.498060	0.029623	0.8
1597	-0.004250	36.703062	101.704428	0.001127	0.5
1598	-0.012366	35.886424	103.164455	0.017982	0.6
1599	-0.010198	36.169712	102.653253	0.020883	0.5
1600	-0.025003	35.205517	104.414249	0.023207	0.5
1601	-0.010625	34.241323	106.236719	0.009833	0.5
1602	-0.023474	35.241323	104.347775	0.022823	0.5
1603	-0.021184	34.277128	106.167905	0.028779	0.5
1604	-0.011209	33.312934	108.052659	0.011178	0.5
1605	-0.003720	34.312934	106.099180	0.017701	0.5
1606	-0.003109	35.312934	104.215080	0.001679	0.5
1607	-0.003222	34.371897	105.986199	0.002829	0.5
1608	-0.005837	35.351148	104.144407	0.005888	0.6
1609	-0.010781	34.386954	105.957387	0.007207	0.5
1610	-0.017144	35.386954	104.078275	0.010183	0.5
1611	-0.002142	34.422759	105.888934	0.005755	0.5
1612	-0.004524	33.458565	107.763708	0.009096	0.5
1613	-0.012460	33.507385	107.667189	0.021554	0.5
1614	-0.009728	34.497425	105.746472	0.008081	0.5
1615	-0.003859	33.533231	107.616160	0.015729	0.4
1616	-0.007358	32.569036	109.553155	0.004394	0.5
1617	-0.016592	31.616672	111.536072	0.009292	0.5
1618	-0.016176	32.616672	109.455823	0.013378	0.5
1619	-0.005053	31.698722	111.362414	0.006558	0.5
1620	-0.006227	30.734569	113.437823	0.006146	0.5
1621	-0.005953	31.734569	111.286714	0.010492	0.5
1622	-0.004539	30.770906	113.358203	0.010853	0.5
1623	-0.025419	31.770906	111.210084	0.013438	0.5
1624	-0.016221	30.806712	113.279858	0.013190	0.5
1625	-0.007991	31.806712	111.134678	0.006761	0.5
1626	-0.008575	32.806712	109.069236	0.012882	0.7
1627	-0.009789	31.975946	110.779652	0.012055	0.5
1628	-0.021646	31.011762	112.833264	0.015944	0.7
1629	-0.010464	32.011762	110.704807	0.020947	0.5
1630	-0.016473	31.047568	112.755642	0.023003	0.4
1631	-0.005007	30.083373	114.883895	0.005406	0.7
1632	-0.003476	29.119179	117.094036	0.000638	0.5
1633	-0.014511	29.404796	116.430525	0.008759	0.4
1634	-0.007256	29.404987	116.430085	0.021522	0.4
1635	-0.010373	28.440792	118.700705	0.006041	0.5
1636	-0.028382	29.246031	116.798418	0.015601	0.5
1637	-0.013180	28.281836	119.083568	0.009559	0.5
1638	-0.014868	29.281836	116.715246	0.014602	0.4
1639	-0.008663	30.281836	114.439289	0.006534	0.5
1640	-0.016516	31.281835	112.250401	0.012443	0.5
1641	-0.026086	32.281723	110.143903	0.020232	0.4
1642	-0.017792	31.317529	112.173816	0.029000	0.4
1643	-0.008742	32.317529	110.069934	0.003617	0.5
1644	-0.005640	33.253797	108.170436	0.007586	0.5
1645	-0.016789	32.503725	109.686884	0.023229	0.5
1646	-0.007860	33.503719	107.674430	0.008174	0.5
1647	-0.021995	34.503719	105.734481	0.010610	0.4
1648	-0.004889	33.539525	107.603741	0.008327	0.5
1649	-0.016322	32.575330	109.540284	0.007676	0.5
1650	-0.016745	33.575324	107.533157	0.005938	0.5
1651	-0.013919	32.612180	109.464994	0.013816	0.4
1652	-0.004203	31.655173	111.454517	0.005584	0.4
1653	-0.024034	30.690979	113.533484	0.016497	0.5
1654	-0.012459	31.690979	111.378779	0.005555	0.7
1655	-0.004945	30.731390	113.444795	0.005857	0.5
1656	-0.011710	29.767204	115.599372	0.009879	0.4
1657	-0.014708	28.804920	117.832874	0.017893	0.5
1658	-0.018220	29.804918	115.513558	0.012908	0.6
1659	-0.007135	28.840724	117.748227	0.020754	0.5
1660	-0.030322	29.840124	115.433567	0.030550	0.5
1661	-0.010583	30.840124	113.206845	0.008423	0.5
1662	-0.007332	29.942074	115.202551	0.009145	0.4
1663	-0.014672	29.000794	117.371274	0.013861	0.4
1664	-0.011018	28.036599	119.679117	0.014631	0.4
1665	-0.007581	27.082316	122.054372	0.008487	0.5
1666	-0.008104	26.118122	124.552013	0.001273	0.5
1667	-0.018574	26.128587	124.524356	0.026961	0.5
1668	-0.008682	26.439874	123.707262	0.009156	0.4
1669	-0.015262	25.475683	126.273709	0.017469	0.5
1670	-0.020184	24.511489	128.948911	0.030258	0.4
1671	-0.004420	25.511489	126.176501	0.002633	0.5
1672	-0.014525	26.511489	123.520796	0.013774	0.4
1673	-0.011264	27.509863	120.978633	0.012608	0.5
1674	-0.025342	28.509863	118.535107	0.015737	0.5
1675	-0.004497	29.509863	116.188335	0.018596	0.4
1676	-0.013356	28.545668	118.449444	0.011202	0.4
1677	-0.024305	27.581843	120.799387	0.011714	0.5
1678	-0.011778	28.581843	118.363024	0.016356	0.5
1679	-0.030336	27.617669	120.710372	0.017472	0.5
1680	-0.018765	26.653475	123.152760	0.013342	0.4
1681	-0.000280	25.689281	125.696023	0.000095	0.6
1682	-0.015003	25.949763	124.998648	0.006434	0.5
1683	-0.020924	26.091638	124.622059	0.011941	0.5
1684	-0.024669	25.154707	127.151861	0.012771	0.8
1685	-0.027395	24.190513	129.864801	0.018764	0.5
1686	-0.022635	23.226318	132.696032	0.015328	0.5
1687	-0.014316	22.262124	135.653464	0.011550	0.4
1688	-0.024290	23.262124	132.588688	0.012918	0.4
1689	-0.018162	24.262123	129.659339	0.026118	0.7
1690	-0.022992	25.261982	126.857014	0.029527	0.6
1691	-0.004828	26.261982	124.172890	0.007516	0.5
1692	-0.017509	27.261982	121.599998	0.011897	0.5
1693	-0.018784	26.352092	123.936592	0.010379	0.5
1694	-0.017591	27.352092	121.373382	0.013696	0.5
1695	-0.008759	26.387897	123.842948	0.025993	0.5
1696	-0.011677	25.423703	126.415097	0.007117	0.4
1697	-0.015877	24.459508	129.096357	0.010700	0.5
1698	-0.018079	25.459508	126.317672	0.015414	0.4
1699	-0.020855	24.495314	128.994757	0.020851	0.4
1700	-0.007714	23.531119	131.787770	0.011006	0.4
1701	-0.010643	24.507983	128.958845	0.013066	0.5
1702	-0.004749	25.507983	126.186013	0.006838	0.4
1703	-0.029124	25.592683	125.956621	0.024928	0.4
1704	-0.015206	26.260090	124.177862	0.011931	0.5
1705	-0.010352	27.260090	121.604766	0.006466	0.5
1706	-0.023924	28.260090	119.136139	0.014585	0.4
1707	-0.013066	27.295895	121.514611	0.013299	0.4
1708	-0.019045	28.295895	119.049606	0.014051	0.4
1709	-0.005223	29.295895	116.682622	0.020833	0.5
1710	-0.019239	28.363893	118.885618	0.017202	0.4
1711	-0.025740	29.363873	116.525131	0.024815	0.5
1712	-0.020383	28.399679	118.799496	0.013129	0.8
1713	-0.007659	29.399679	116.442348	0.010735	0.5
1714	-0.024568	28.435484	118.713451	0.026788	0.5
1715	-0.014969	29.435484	116.359682	0.033238	0.4
1716	-0.010172	28.471290	118.627530	0.010305	0.5
1717	-0.012881	27.507095	120.985536	0.010791	0.4
1718	-0.020080	28.507095	118.541734	0.010716	0.4
1719	-0.014244	29.507095	116.194703	0.010291	0.4
1720	-0.014729	28.542901	118.456062	0.015884	0.4
1721	-0.023623	29.542901	116.112388	0.010796	0.6
1722	-0.002729	28.578706	118.370514	0.005882	0.6
1723	-0.020519	29.578706	116.030191	0.031427	0.5
1724	-0.016319	28.614512	118.285089	0.016599	0.6
1725	-0.014587	27.650317	120.629366	0.005776	0.5
1726	-0.000669	26.686123	123.068444	0.000521	0.5
1727	-0.023207	26.783249	122.818290	0.021218	0.4
1728	-0.005170	27.643334	120.646684	0.008965	0.4
1729	-0.007426	28.643334	118.216415	0.009529	0.4
1730	-0.012799	29.643307	115.882182	0.010535	0.5
1731	-0.027817	28.679112	118.131276	0.018255	0.7
1732	-0.019188	29.679112	115.800310	0.006063	0.4
1733	-0.004851	28.714918	118.046196	0.006463	0.5
1734	-0.026063	27.750728	120.380908	0.012603	0.5
1735	-0.015029	26.786533	122.809848	0.009982	0.5
1736	-0.009556	27.704147	120.496042	0.012785	0.5
1737	-0.014320	28.704147	118.071776	0.015471	0.4
1738	-0.018165	27.740507	120.406152	0.011183	0.5
1739	-0.012324	28.740507	117.985466	0.016101	0.4
1740	-0.008279	27.776313	120.317765	0.013866	0.5
1741	-0.015686	28.776313	117.900595	0.010850	0.4
1742	-0.013984	27.812118	120.229507	0.009106	0.5
1743	-0.017140	26.847924	122.652279	0.031489	0.6
1744	-0.011497	25.883732	125.174697	0.013084	0.5
1745	-0.010719	26.883732	122.560559	0.016195	0.5
1746	-0.008070	27.883731	120.053374	0.032010	0.4
1747	-0.007207	27.098043	122.014463	0.003947	0.5
1748	-0.010270	28.098043	119.529345	0.008478	0.5
1749	-0.020020	29.097736	117.144155	0.017389	0.5
1750	-0.010624	28.133541	119.442987	0.006287	0.5
1751	-0.023931	27.169347	121.833849	0.027731	1.1
1752	-0.002048	26.205194	124.322270	0.012572	0.6
1753	-0.013937	27.205194	121.743248	0.015716	0.5
1754	-0.012606	26.241000	124.228042	0.011763	0.4
1755	-0.012210	25.276805	126.816380	0.014637	0.5
1756	-0.017859	26.276805	124.133957	0.006478	0.5
1757	-0.019495	27.274317	121.568927	0.014692	0.5
1758	-0.011527	27.350591	121.377150	0.011119	0.4
1759	-0.000224	26.386396	123.846871	0.000436	0.5
1760	-0.032976	26.390425	123.836343	0.032793	0.5
1761	-0.010521	26.411609	123.781010	0.021709	0.4
1762	-0.008267	27.411609	121.224164	0.006710	0.5
1763	-0.016314	26.447415	123.687600	0.010397	0.5
1764	-0.007765	25.655546	125.786907	0.008086	0.5
1765	-0.003341	26.655546	123.147406	0.006904	0.4
1766	-0.015590	25.781007	125.449563	0.016961	0.4
1767	-0.003829	24.816813	128.089593	0.009563	0.4
1768	-0.007733	25.816813	125.353619	0.005147	0.5
1769	-0.024816	26.816813	122.732081	0.015236	0.4
1770	-0.020865	25.852618	125.257822	0.010158	0.5
1771	-0.004218	26.852618	122.640247	0.004065	0.5
1772	-0.019626	26.220803	124.281175	0.013812	0.4
1773	-0.009939	25.259709	126.863248	0.019315	0.7
1774	-0.000542	24.295514	129.563755	0.002001	0.5
1775	-0.023289	25.282026	126.802076	0.019060	0.4
1776	-0.006182	25.376518	126.543716	0.003179	0.5
1777	-0.014540	26.376429	123.872927	0.015966	0.5
1778	-0.025413	27.140474	121.906921	0.024999	0.4
1779	-0.009605	28.140474	119.426136	0.005712	0.5
1780	-0.016603	27.176279	121.816317	0.009213	0.4
1781	-0.009310	26.517536	123.505076	0.005536	0.5
1782	-0.014468	27.517536	120.959500	0.024809	0.6
1783	-0.013429	26.553342	123.412082	0.011123	0.7
1784	-0.006637	27.553342	120.870299	0.004640	0.5
1785	-0.014403	26.592056	123.311692	0.026947	0.5
1786	-0.008199	27.592056	120.773999	0.025369	0.5
1787	-0.025276	26.627863	123.218983	0.012701	0.4
1788	-0.016802	27.627863	120.685066	0.018412	0.4
1789	-0.019720	26.663669	123.126420	0.014070	0.5
1790	-0.017911	25.699474	125.668586	0.015445	0.4
1791	-0.027073	24.735280	128.317940	0.025687	0.4
1792	-0.024431	25.733772	125.576358	0.014119	0.4
1793	-0.044747	24.769578	128.221784	0.018876	0.5
1794	-0.022124	25.769578	125.480220	0.011428	0.4
1795	-0.013292	26.769578	122.853439	0.015236	0.5
1796	-0.014835	27.363554	121.344617	0.013376	0.4
1797	-0.011409	26.399359	123.813001	0.013859	0.5
1798	-0.014096	25.435165	126.383893	0.010546	0.5
1799	-0.019671	24.470970	129.063815	0.014974	0.4
1800	-0.030393	23.506776	131.859853	0.012260	0.5
1801	-0.022282	22.542581	134.779720	0.029768	0.6
1802	-0.007339	23.542581	131.753858	0.011643	0.5
1803	-0.031512	24.542581	128.860876	0.014980	0.5
1804	-0.020790	23.578447	131.647855	0.016599	0.5
1805	-0.016490	22.614252	134.558237	0.023354	0.5
1806	-0.012346	23.614252	131.542200	0.007907	0.5
1807	-0.024064	22.650058	134.447861	0.012021	0.9
1808	-0.009741	21.686423	137.482987	0.009609	0.5
1809	-0.021983	20.722228	140.660198	0.014313	0.5
1810	-0.015085	19.758034	143.987733	0.009943	0.5
1811	-0.012217	20.758034	140.539589	0.018993	0.5
1812	-0.011478	21.758034	137.252731	0.010921	0.5
1813	-0.023557	22.758034	134.116101	0.013999	0.7
1814	-0.014093	21.793839	137.137892	0.020343	0.7
1815	-0.008465	22.793839	134.006449	0.009344	0.6
1816	-0.011244	21.829645	137.023245	0.008648	0.6
1817	-0.026722	20.907614	140.037962	0.028363	0.6
1818	-0.014231	21.907614	136.774253	0.010376	0.6
1819	-0.012323	22.643962	134.466639	0.024340	0.5
1820	-0.004703	23.643962	131.454660	0.004458	0.5
1821	-0.019940	22.679768	134.356413	0.023532	0.5
1822	-0.013139	23.529206	131.793432	0.007136	0.5
1823	-0.019985	22.565014	134.710317	0.014280	0.5
1824	-0.028729	23.565014	131.687536	0.026151	0.5
1825	-0.004238	22.600820	134.599692	0.004681	0.5
1826	-0.003872	23.600820	131.581817	0.005067	0.5
1827	-0.023126	22.643786	134.467183	0.023051	0.5
1828	-0.022989	23.643786	131.455181	0.010707	0.6
1829	-0.011129	24.643786	128.575157	0.011585	0.5
1830	-0.011407	23.679592	131.349833	0.008561	0.5
1831	-0.011191	24.679510	128.474602	0.010139	0.6
1832	-0.018103	25.679510	125.722332	0.013440	0.7
1833	-0.017332	26.676763	123.092604	0.011569	0.5
1834	-0.023623	27.676763	120.563828	0.016959	0.5
1835	-0.012294	28.676763	118.136862	0.005054	0.4
1836	-0.013292	29.273303	116.735058	0.011625	0.4
1837	-0.011746	30.273303	114.458336	0.010863	0.5
1838	-0.027365	29.309108	116.651976	0.009230	0.5
1839	-0.011018	28.344916	118.931339	0.005607	0.4
1840	-0.017096	29.187968	116.933542	0.028213	0.4
1841	-0.011961	30.187968	114.649147	0.005874	0.5
1842	-0.018422	31.187968	112.452297	0.012740	0.5
1843	-0.017266	32.187968	110.338054	0.018845	0.6
1844	-0.019006	33.187968	108.301844	0.012574	0.6
1845	-0.017676	32.223774	110.263826	0.011294	0.5
1846	-0.012134	31.259579	112.298204	0.007504	0.5
1847	-0.008935	31.118919	112.601277	0.005117	0.5
1848	-0.013562	31.734130	111.287641	0.009854	0.4
1849	-0.023341	32.121190	110.476758	0.016836	0.5
1850	-0.020129	33.121190	108.435474	0.009186	0.5
1851	-0.011145	32.156996	110.402343	0.011125	0.4
1852	-0.011236	31.242794	112.334285	0.013970	0.5
1853	-0.016282	32.242244	110.225574	0.012127	0.4
1854	-0.010925	33.242244	108.193476	0.017850	0.5
1855	-0.006956	34.242244	106.234948	0.018050	0.7
1856	-0.004423	33.278049	108.122104	0.004223	0.7
1857	-0.019518	32.313855	110.077519	0.014094	0.6
1858	-0.027206	33.313855	108.050826	0.010727	0.6
1859	-0.024142	32.349660	110.003641	0.012893	0.5
1860	-0.012186	31.385466	112.028342	0.009873	0.5
1861	-0.016181	30.421271	114.128973	0.015980	0.5
1862	-0.010306	31.421271	111.951823	0.029395	0.7
1863	-0.013904	30.457077	114.049558	0.023489	1.3
1864	-0.012728	31.457077	111.875408	0.011012	0.7
1865	-0.010616	30.493761	113.968311	0.022806	0.7
1866	-0.007697	29.529566	116.143030	0.016033	0.6
1867	-0.017968	30.529566	113.889119	0.018974	0.5
1868	-0.005090	31.529566	111.721024	0.005630	0.6
1869	-0.000242	32.529566	109.633934	0.000346	0.8
1870	-0.004829	32.612490	109.464361	0.005202	0.7
1871	-0.010782	33.315546	108.047463	0.007540	0.7
1872	-0.019640	34.313877	106.097371	0.013090	0.5
1873	-0.006978	35.313877	104.213335	0.006276	0.5
1874	-0.028173	34.349682	106.028737	0.020163	0.8
1875	-0.007484	35.349682	104.147117	0.011326	0.6
1876	-0.016054	34.385488	105.960192	0.015717	0.6
1877	-0.009199	33.421293	107.837513	0.007778	0.6
1878	-0.004524	34.421293	105.891736	0.003802	0.5
1879	-0.009766	35.152433	104.512958	0.009639	0.5
1880	-0.020502	34.188239	106.338906	0.013091	0.6
1881	-0.017155	33.224044	108.229790	0.008618	0.5
1882	-0.014125	32.261215	110.186314	0.009055	0.5
1883	-0.010052	33.260285	108.157503	0.005691	0.5
1884	-0.015193	34.260285	106.200265	0.012700	0.5
1885	-0.008879	33.296090	108.086179	0.008947	0.5
1886	-0.017350	32.331896	110.040283	0.008981	0.5
1887	-0.011240	31.367701	112.066345	0.015463	0.6
1888	-0.007297	32.367701	109.966455	0.012672	0.5
1889	-0.011106	31.403507	111.989774	0.008028	0.6
1890	-0.017177	32.403355	109.893037	0.012660	0.6
1891	-0.011389	31.439161	111.913631	0.008858	0.5
1892	-0.003958	32.363259	109.975609	0.007929	0.6
1893	-0.016356	33.310536	108.057429	0.013688	0.5
1894	-0.018120	34.310533	106.103785	0.013116	0.5
1895	-0.014858	33.353174	107.972663	0.004377	0.5
1896	-0.006190	34.353086	106.022217	0.001321	0.6
1897	-0.006310	34.589696	105.570949	0.005291	0.7
1898	-0.011419	34.479933	105.779813	0.012956	0.6
1899	-0.003837	35.479917	103.906968	0.001619	0.6
1900	-0.004733	35.660067	103.576596	0.012305	0.5
1901	-0.011361	36.646764	101.803753	0.013747	0.5
1902	-0.022159	37.646762	100.067876	0.011649	0.5
1903	-0.006849	36.682567	101.740564	0.001079	0.5
1904	-0.014610	36.828298	101.484171	0.013555	0.5
1905	-0.006637	35.976227	103.001852	0.016701	0.5
1906	-0.004553	36.976227	101.225230	0.002182	0.6
1907	-0.003926	37.974802	99.511260	0.004968	0.7
1908	-0.012983	38.325060	98.923742	0.009195	0.6
1909	-0.010535	38.232558	99.078228	0.006706	0.5
1910	-0.004770	37.268364	100.717723	0.002423	0.5
1911	-0.021021	38.155557	99.207196	0.016108	0.5
1912	-0.003145	39.155557	97.558018	0.010618	0.5
1913	-0.009958	40.155557	95.962775	0.032213	0.5
1914	-0.000236	39.295535	97.331534	0.001250	0.5
1915	-0.003862	40.295535	95.743629	0.006040	0.5
1916	-0.008064	40.429039	95.535548	0.010125	0.5
1917	-0.022779	41.429039	94.005242	0.006948	0.5
1918	-0.015766	42.429025	92.523208	0.013636	0.5
1919	-0.007491	43.428856	91.087399	0.007163	0.5
1920	-0.015894	42.464662	92.471255	0.029921	0.5
1921	-0.012459	43.464662	91.036806	0.023436	0.6
1922	-0.014820	44.464662	89.646181	0.011014	0.4
1923	-0.022926	45.464662	88.297401	0.016745	0.5
1924	-0.022872	44.500468	89.597175	0.008217	0.5
1925	-0.015015	45.500468	88.249859	0.011437	0.5
1926	-0.014406	44.536273	89.548224	0.016886	0.6
1927	-0.004612	43.572079	90.885364	0.012869	0.5
1928	-0.010232	42.608036	92.262821	0.007056	0.5
1929	-0.014338	41.643912	93.682797	0.027438	0.4
1930	-0.010383	42.643909	92.210818	0.010950	0.4
1931	-0.007824	43.643909	90.784376	0.003907	0.5
1932	-0.032927	42.679714	92.158971	0.017793	0.5
1933	-0.019660	41.715546	93.575791	0.017502	0.4
1934	-0.007103	40.751352	95.036897	0.007114	0.4
1935	-0.012840	39.787158	96.544354	0.009377	0.4
1936	-0.010957	38.822966	98.100400	0.012300	0.4
1937	-0.012551	37.858772	99.707430	0.009746	0.5
1938	-0.005218	36.894577	101.367989	0.001057	0.4
1939	-0.000201	36.096839	102.784270	0.000043	0.4
1940	-0.008465	36.088739	102.798853	0.015626	0.4
1941	-0.019292	36.069308	102.833854	0.012603	0.4
1942	-0.010903	35.105114	104.601105	0.012374	0.4
1943	-0.008314	36.105114	102.769376	0.010294	0.5
1944	-0.005226	37.105114	101.000696	0.005763	0.4
1945	-0.000745	36.140919	102.704979	0.001050	0.5
1946	-0.010822	37.129153	100.958926	0.010645	0.4
1947	-0.008627	36.166133	102.659680	0.005044	0.5
1948	-0.018214	36.492552	102.076820	0.027768	0.5
1949	-0.009033	37.492552	100.331695	0.010770	0.4
1950	-0.011199	38.492552	98.645237	0.009345	0.4
1951	-0.016006	37.528383	100.270273	0.017799	0.7
1952	-0.010752	36.564188	101.949790	0.004235	0.5
1953	-0.014234	35.599999	103.686520	0.009788	0.4
1954	-0.019146	36.599308	101.887629	0.009029	0.5
1955	-0.015319	37.599251	100.149008	0.023192	0.5
1956	-0.003408	38.599251	98.468635	0.004823	0.5
1957	-0.015774	39.599116	96.843936	0.011313	0.4
1958	-0.000231	39.599540	96.843258	0.000041	0.9
1959	-0.016288	39.571338	96.888349	0.013258	0.5
1960	-0.004505	39.413847	97.140924	0.006033	0.6
1961	-0.004038	38.451635	98.713128	0.026091	0.5
1962	-0.010318	39.451634	97.080204	0.010485	0.4
1963	-0.004460	40.451634	95.500421	0.000064	0.4
1964	-0.007270	40.501101	95.423607	0.012933	0.4
1965	-0.017944	40.595182	95.277856	0.010403	0.4
1966	-0.011051	39.630988	96.793028	0.028371	0.4
1967	-0.017373	38.666793	98.357170	0.020655	0.4
1968	-0.012279	39.666793	96.735901	0.022042	0.5
1969	-0.008421	40.666793	95.167214	0.002187	0.4
1970	-0.001060	39.702599	96.678841	0.002704	0.4
1971	-0.016427	39.864295	96.421998	0.021510	0.4
1972	-0.014205	40.347349	95.662762	0.010777	0.7
1973	-0.014619	41.347349	94.128411	0.010330	0.5
1974	-0.024976	40.383155	95.606961	0.013708	0.5
1975	-0.006656	39.418960	97.132703	0.014752	0.5
1976	-0.013053	38.454766	98.707931	0.023117	0.6
1977	-0.007025	37.490571	100.335093	0.017978	0.4
1978	-0.004428	36.526377	102.016801	0.021320	0.4
1979	-0.018915	36.644716	101.807370	0.010464	0.4
1980	-0.006877	35.680521	103.539219	0.006692	0.5
1981	-0.020926	36.680521	101.744173	0.002698	0.4
1982	-0.027980	36.261686	102.488372	0.011583	0.4
1983	-0.007358	35.297779	104.243133	0.012742	0.4
1984	-0.003309	36.297755	102.423854	0.024554	0.4
1985	-0.029175	35.334186	104.175765	0.021831	0.5
1986	-0.010874	34.385731	105.959726	0.007989	0.4
1987	-0.005802	35.385710	104.080571	0.007550	0.4
1988	-0.006457	36.345603	102.338394	0.003878	0.4
1989	-0.010704	35.829739	103.267356	0.011276	0.4
1990	-0.007667	34.865545	105.049668	0.004604	0.5
1991	-0.010819	35.858921	103.214355	0.033593	0.6
1992	-0.016779	36.618043	101.854499	0.019135	0.5
1993	-0.009444	37.618043	100.116903	0.012008	0.5
1994	-0.004246	38.617908	98.437819	0.004572	0.4
1995	-0.024559	39.617908	96.813913	0.022651	0.4
1996	-0.013778	40.617908	95.242716	0.012155	0.4
1997	-0.020644	41.617908	93.721702	0.014734	0.5
1998	-0.012801	40.653714	95.187403	0.016227	0.4
1999	-0.004270	41.653714	93.668141	0.005429	0.5
