1:ItNr	2:Metric	3a:Time	3b:StepSize	4:||Gradient||	Time[ms]
0	-0.074261	0.000000	17.959838	0.010328	10.2
1	-0.082706	0.000000	17.959838	0.007662	0.3
2	-0.071030	0.000000	17.959838	0.003982	0.4
3	-0.071588	0.393344	17.629623	0.013692	0.4
4	-0.087461	0.000000	17.959838	0.013553	0.3
5	-0.089119	1.000000	17.143481	0.004730	0.3
6	-0.049800	1.999878	16.398200	0.006347	0.4
7	-0.078739	2.977185	15.729811	0.004370	0.4
8	-0.085155	3.576437	15.346268	0.009767	0.3
9	-0.082186	2.810247	15.840096	0.016253	0.3
10	-0.062749	2.008825	16.391823	0.006343	0.3
11	-0.062224	1.262444	16.941383	0.004141	0.3
12	-0.072357	2.251098	16.221023	0.002603	0.4
13	-0.051638	1.743949	16.582723	0.010335	0.4
14	-0.064580	1.056177	17.099817	0.011373	0.4
15	-0.077574	2.056177	16.358158	0.007047	0.3
16	-0.073592	3.056177	15.678160	0.013813	0.5
17	-0.096193	4.056177	15.052440	0.006582	0.5
18	-0.065858	3.254755	15.549800	0.009023	0.5
19	-0.068879	4.247612	14.938308	0.004989	0.3
20	-0.080819	3.473596	15.410755	0.008387	0.3
21	-0.075819	2.672590	15.932206	0.014593	0.4
22	-0.076472	3.672590	15.286461	0.008707	0.4
23	-0.087813	4.456224	14.815889	0.004010	0.4
24	-0.061222	3.663787	15.291917	0.018475	0.4
25	-0.057875	2.864357	15.804180	0.011478	0.4
26	-0.070946	2.062936	16.353364	0.004634	0.4
27	-0.082912	3.056758	15.677781	0.014251	0.4
28	-0.071650	2.256495	16.217258	0.003712	0.4
29	-0.074385	3.256017	15.548991	0.017901	0.4
30	-0.051357	4.256004	14.933344	0.007700	0.4
31	-0.087542	5.255249	14.364998	0.012387	0.5
32	-0.061244	4.553681	14.759384	0.004471	0.5
33	-0.077498	4.180403	14.978179	0.008450	0.3
34	-0.065651	4.238697	14.943584	0.001648	0.4
35	-0.059672	5.125551	14.436311	0.012039	0.4
36	-0.082474	4.345844	14.880411	0.004489	0.4
37	-0.069836	5.184100	14.404031	0.002825	0.5
38	-0.078774	5.981657	13.978259	0.005765	0.4
39	-0.067457	5.410971	14.280300	0.004584	0.4
40	-0.069587	4.617243	14.722763	0.010090	0.3
41	-0.065529	5.616505	14.170027	0.007320	0.3
42	-0.059071	5.775445	14.085913	0.005910	0.4
43	-0.083803	5.526579	14.218064	0.003730	0.4
44	-0.080596	6.494256	13.717650	0.008988	0.4
45	-0.057636	7.343114	13.306816	0.017240	0.4
46	-0.061721	6.541692	13.694024	0.006458	0.3
47	-0.073229	5.740271	14.104442	0.017934	0.4
48	-0.082304	6.740271	13.595995	0.002544	0.4
49	-0.085719	7.739830	13.123132	0.004105	0.4
50	-0.090222	7.186687	13.380664	0.023793	0.4
51	-0.075553	6.385305	13.772225	0.008774	0.3
52	-0.084995	5.583883	14.187415	0.008504	0.4
53	-0.071131	4.782464	14.628415	0.010961	0.5
54	-0.061038	5.782462	14.082222	0.006065	0.4
55	-0.077465	6.782455	13.575351	0.006527	0.4
56	-0.074173	7.780528	13.104575	0.007116	0.4
57	-0.073394	8.530339	12.771834	0.007992	0.4
58	-0.066339	9.527443	12.354673	0.004072	0.4
59	-0.079306	9.997942	12.167149	0.003023	0.4
60	-0.071337	9.302064	12.446564	0.002604	0.4
61	-0.068948	9.437059	12.391361	0.004253	0.4
62	-0.048557	8.844332	12.637461	0.008697	0.4
63	-0.086996	8.729594	12.686234	0.010694	0.4
64	-0.092197	7.928172	13.037692	0.012480	0.3
65	-0.055704	8.928172	12.602059	0.003447	0.4
66	-0.077559	9.889993	12.209669	0.014555	0.4
67	-0.081233	9.533184	12.352351	0.010204	0.3
68	-0.077598	8.731762	12.685309	0.006255	0.4
69	-0.074004	7.930409	13.036684	0.006935	0.4
70	-0.070369	8.871753	12.625861	0.008413	0.4
71	-0.062559	8.100897	12.960308	0.012461	0.4
72	-0.059111	9.100897	12.529746	0.011704	0.4
73	-0.088578	8.299475	12.872469	0.005132	0.4
74	-0.066469	7.498699	13.234169	0.005322	0.4
75	-0.057773	6.935647	13.500908	0.007004	0.4
76	-0.074079	6.148778	13.892213	0.008118	0.4
77	-0.053349	5.485931	14.239884	0.006513	0.4
78	-0.077159	4.944404	14.537108	0.004773	0.3
79	-0.065816	4.206244	14.962824	0.005840	0.3
80	-0.083220	3.892600	15.151354	0.014172	0.3
81	-0.066974	4.892600	14.566192	0.002648	0.4
82	-0.066791	4.102557	15.024628	0.008227	0.4
83	-0.074377	5.077283	14.463033	0.006205	0.3
84	-0.063096	6.048969	13.943474	0.004776	0.3
85	-0.080354	5.382832	14.295531	0.007547	0.4
86	-0.082002	4.584178	14.741790	0.004326	0.3
87	-0.058461	5.580490	14.189226	0.006533	0.3
88	-0.065745	6.571345	13.679296	0.005944	0.3
89	-0.092886	5.771517	14.087980	0.009721	0.4
90	-0.078582	5.355245	14.310494	0.006742	0.3
91	-0.069578	6.355240	13.787362	0.003476	0.4
92	-0.077304	6.000726	13.968387	0.008731	0.4
93	-0.055302	5.276107	14.353594	0.010156	0.4
94	-0.068301	6.265769	13.832604	0.005432	0.5
95	-0.068848	5.855819	14.043757	0.007582	0.5
96	-0.077765	6.854531	13.540224	0.006701	0.4
97	-0.059921	6.053448	13.941165	0.002517	0.4
98	-0.055826	6.780305	13.576402	0.010381	0.4
99	-0.082664	5.991002	13.973420	0.012306	0.3
100	-0.070734	5.189580	14.401017	0.009808	0.3
101	-0.083051	4.388159	14.855610	0.007765	0.3
102	-0.080123	3.586737	15.339839	0.011473	0.4
103	-0.075592	4.586737	14.740316	0.002703	0.4
104	-0.068023	3.793679	15.211804	0.005818	0.4
105	-0.066964	4.705882	14.671996	0.002827	0.3
106	-0.081877	4.499030	14.791017	0.004326	0.4
107	-0.065225	4.744095	14.650218	0.008881	0.4
108	-0.073398	5.106487	14.446854	0.008387	0.4
109	-0.072966	4.305491	14.904141	0.010461	0.3
110	-0.077208	3.504069	15.391590	0.003307	0.3
111	-0.071010	4.480592	14.801720	0.007572	0.4
112	-0.083172	3.699651	15.269714	0.007555	0.3
113	-0.090807	4.699618	14.675572	0.007927	0.4
114	-0.076450	4.114059	15.017748	0.015946	0.3
115	-0.090122	3.312637	15.512780	0.008297	0.4
116	-0.070741	4.312637	14.899933	0.005673	0.4
117	-0.068647	3.647369	15.302103	0.004554	0.3
118	-0.082294	2.978630	15.728863	0.014845	0.3
119	-0.091582	2.382700	16.129728	0.012103	0.3
120	-0.073789	1.581279	16.702180	0.003901	0.4
121	-0.070990	2.580896	15.994159	0.005063	0.4
122	-0.086530	3.074652	15.666128	0.013425	0.3
123	-0.072805	3.046557	15.684432	0.021219	0.4
124	-0.102255	4.046557	15.058221	0.016819	0.4
125	-0.090012	5.046557	14.480094	0.017742	0.4
126	-0.066861	6.046557	13.944717	0.005725	0.4
127	-0.079681	7.046557	13.447518	0.005765	0.4
128	-0.078578	7.473861	13.245713	0.009651	0.3
129	-0.062166	6.674417	13.628348	0.006755	0.3
130	-0.084113	6.801281	13.566159	0.006236	0.4
131	-0.077763	7.789929	13.100296	0.002703	0.4
132	-0.079471	8.291211	12.876101	0.010418	0.3
133	-0.097424	7.495963	13.235439	0.018888	0.4
134	-0.073390	8.495960	12.786720	0.006342	0.4
135	-0.064624	9.495960	12.367428	0.006366	0.4
136	-0.078739	10.494256	11.975409	0.016553	0.4
137	-0.061667	9.692835	12.288099	0.006278	0.4
138	-0.086432	10.692835	11.900374	0.013088	0.4
139	-0.064635	11.692835	11.536369	0.011269	0.4
140	-0.086306	10.891413	11.826274	0.010118	0.4
141	-0.079275	10.089991	12.131126	0.002767	0.3
142	-0.057947	10.927710	11.812829	0.004441	0.3
143	-0.063556	11.707100	11.531337	0.004040	0.4
144	-0.069760	10.951452	11.804052	0.011243	0.4
145	-0.055784	11.946304	11.447615	0.017298	0.4
146	-0.063201	12.946304	11.110388	0.008505	0.4
147	-0.074131	13.946304	10.792460	0.011667	0.3
148	-0.069735	13.144882	11.045772	0.009662	0.4
149	-0.074187	12.992640	11.095243	0.005572	0.4
150	-0.076557	12.768178	11.168994	0.007818	0.4
151	-0.077370	11.968043	11.440066	0.013966	0.4
152	-0.079035	11.166630	11.725089	0.006690	0.4
153	-0.064550	10.365208	12.024680	0.008715	0.4
154	-0.058115	11.365053	11.653205	0.012973	0.3
155	-0.072439	10.563973	11.948958	0.004653	0.4
156	-0.069964	11.563948	11.582029	0.003640	0.4
157	-0.078651	10.855277	11.839690	0.003283	0.3
158	-0.100152	11.156827	11.728663	0.007279	0.4
159	-0.071124	10.545683	11.955886	0.008745	0.4
160	-0.099888	9.757289	12.262348	0.014662	0.4
161	-0.069730	8.957629	12.589668	0.008358	0.4
162	-0.061355	9.957629	12.182994	0.006849	0.4
163	-0.071927	10.957617	11.801775	0.003453	0.3
164	-0.061914	10.193356	12.090927	0.006983	0.3
165	-0.077058	9.409755	12.402487	0.009147	0.4
166	-0.060260	8.608423	12.738152	0.003756	0.6
167	-0.076458	9.485433	12.371699	0.001204	0.4
168	-0.068405	9.234550	12.474358	0.002712	0.4
169	-0.086836	9.364979	12.420776	0.004249	0.4
170	-0.060496	9.785667	12.251045	0.004246	0.3
171	-0.074988	9.016831	12.564837	0.006351	0.4
172	-0.062892	9.139368	12.513752	0.007247	0.5
173	-0.070358	8.343659	12.853087	0.005276	0.4
174	-0.083814	9.342885	12.429820	0.010351	0.4
175	-0.068284	8.541475	12.767020	0.010693	0.4
176	-0.066453	9.541466	12.349001	0.004673	0.4
177	-0.076538	10.487506	11.977976	0.011566	0.4
178	-0.064313	11.484091	11.610502	0.003239	0.3
179	-0.074939	10.726660	11.887687	0.001768	0.4
180	-0.081739	10.367121	12.023947	0.005322	0.4
181	-0.076787	9.976314	12.175645	0.014528	0.4
182	-0.080071	9.174917	12.499010	0.003206	0.4
183	-0.070098	8.375317	12.839235	0.001000	0.3
184	-0.079218	8.626084	12.730558	0.001259	0.4
185	-0.068703	8.662101	12.715100	0.003410	0.4
186	-0.079927	8.603935	12.740083	0.003809	0.4
187	-0.057391	9.445778	12.387813	0.002996	0.4
188	-0.066704	8.946520	12.594338	0.011271	0.3
189	-0.079105	8.221941	12.906623	0.006018	0.4
190	-0.056012	9.221925	12.479569	0.006458	0.4
191	-0.069544	10.209952	12.084498	0.004937	0.3
192	-0.076162	9.856030	12.223108	0.004137	0.3
193	-0.077912	9.154869	12.507320	0.009093	0.3
194	-0.095036	8.357207	12.847155	0.007364	0.4
195	-0.081333	9.357179	12.423967	0.008395	0.4
196	-0.059786	10.356900	12.027866	0.004897	0.4
197	-0.074048	9.556745	12.342826	0.001760	0.4
198	-0.092525	10.171388	12.099448	0.011635	0.4
199	-0.070632	9.416064	12.399914	0.005399	0.3
200	-0.087894	8.614751	12.735430	0.006387	0.4
201	-0.067138	9.602020	12.324565	0.007674	0.4
202	-0.076795	8.805964	12.653729	0.009622	0.3
203	-0.074525	8.004858	13.003222	0.007484	0.4
204	-0.089735	8.906377	12.611243	0.003487	0.4
205	-0.071234	8.111881	12.955418	0.003869	0.3
206	-0.062175	8.973869	12.582847	0.001614	0.3
207	-0.080996	9.158185	12.505945	0.018534	0.4
208	-0.065038	8.411513	12.823434	0.003559	0.4
209	-0.066912	9.411276	12.401867	0.005312	0.4
210	-0.065008	9.201864	12.487858	0.010046	0.4
211	-0.086674	10.193133	12.091013	0.007672	0.3
212	-0.101125	9.638233	12.309998	0.005243	0.5
213	-0.060494	9.012028	12.566848	0.009692	0.5
214	-0.069683	10.011964	12.161648	0.004780	0.4
215	-0.071014	11.011480	11.781917	0.012967	0.4
216	-0.076197	12.011403	11.425040	0.006755	0.4
217	-0.065025	11.209982	11.709308	0.005477	0.4
218	-0.066863	10.409232	12.007826	0.004260	0.4
219	-0.097001	10.099321	12.127486	0.006047	0.5
220	-0.075154	11.058023	11.764811	0.003125	0.5
221	-0.072931	10.600932	11.934983	0.005796	0.4
222	-0.092767	9.844365	12.227731	0.002744	0.4
223	-0.077891	10.216622	12.081915	0.008433	0.4
224	-0.087641	11.069765	11.760504	0.002770	0.3
225	-0.060834	11.939134	11.450106	0.008541	0.4
226	-0.094076	11.146347	11.732487	0.007954	0.4
227	-0.088295	12.146343	11.378528	0.005655	0.4
228	-0.071824	13.144038	11.046045	0.004987	0.5
229	-0.085873	13.890099	10.809846	0.004395	0.5
230	-0.070547	14.835002	10.524810	0.006698	0.4
231	-0.067569	14.149764	10.729989	0.005295	0.4
232	-0.071847	13.479717	10.938506	0.001200	0.4
233	-0.077723	13.009895	11.089614	0.011380	0.3
234	-0.081706	13.057700	11.074048	0.013890	0.4
235	-0.075742	14.057700	10.758167	0.008374	0.4
236	-0.067713	13.256278	11.009853	0.002963	0.4
237	-0.077745	14.233535	10.704478	0.007634	0.3
238	-0.078951	13.449019	10.948254	0.003306	0.3
239	-0.059670	12.834698	11.147036	0.003739	0.4
240	-0.070712	12.170127	11.370369	0.009514	0.3
241	-0.090377	12.006453	11.426753	0.010091	0.4
242	-0.074817	11.205031	11.711108	0.003755	0.6
243	-0.080420	12.204094	11.358738	0.007562	0.4
244	-0.075847	11.439275	11.626542	0.006315	0.4
245	-0.080784	12.395210	11.293733	0.007431	0.5
246	-0.066540	13.390838	10.966775	0.002957	0.4
247	-0.070575	13.803086	10.836872	0.004263	0.4
248	-0.069006	14.083773	10.750172	0.006416	0.7
249	-0.068272	13.292930	10.998086	0.012614	0.7
250	-0.063545	12.491508	11.261260	0.007316	0.4
251	-0.087859	13.485810	10.936573	0.008379	0.5
252	-0.082851	14.485794	10.628383	0.003600	0.4
253	-0.086048	15.453397	10.346267	0.010477	0.4
254	-0.049315	14.655843	10.577694	0.003195	0.4
255	-0.070746	14.761579	10.546419	0.011892	0.4
256	-0.085088	14.042737	10.762761	0.008589	0.4
257	-0.072896	15.042737	10.464150	0.005616	0.4
258	-0.061058	16.042595	10.181700	0.001570	0.4
259	-0.069840	16.241115	10.127425	0.010621	0.3
260	-0.092948	15.998882	10.193729	0.004346	0.4
261	-0.056667	16.866908	9.960058	0.008874	0.4
262	-0.084051	16.086387	10.169677	0.012573	0.4
263	-0.092277	17.086386	9.902662	0.013880	0.4
264	-0.069502	16.284964	10.115514	0.001476	0.3
265	-0.065440	15.502329	10.332398	0.007128	0.4
266	-0.053973	16.057806	10.177521	0.008298	0.3
267	-0.075492	17.057403	9.910203	0.004792	0.3
268	-0.077335	16.310571	10.108572	0.017694	0.4
269	-0.077746	15.550896	10.318669	0.021436	0.4
270	-0.071809	16.550896	10.043877	0.002517	0.4
271	-0.066824	15.779558	10.254517	0.003295	0.3
272	-0.067971	15.459720	10.344473	0.005550	0.4
273	-0.078575	16.351562	10.097479	0.003978	0.4
274	-0.064802	17.135470	9.889916	0.002403	0.3
275	-0.092522	17.627379	9.763971	0.010234	0.4
276	-0.060976	16.866176	9.960250	0.009648	0.4
277	-0.072297	16.064808	10.175598	0.010439	0.4
278	-0.066117	17.064808	9.908275	0.004044	0.4
279	-0.080385	18.016001	9.666716	0.003423	0.4
280	-0.054814	17.452751	9.808312	0.014137	0.4
281	-0.076189	18.452216	9.559833	0.009882	0.6
282	-0.085004	19.452216	9.323509	0.006081	0.4
283	-0.069910	18.650910	9.511928	0.002030	0.4
284	-0.072567	19.432025	9.328165	0.002965	0.3
285	-0.069049	19.377684	9.340719	0.003337	0.4
286	-0.070958	19.295423	9.359787	0.002341	0.4
287	-0.070457	18.884332	9.456259	0.004593	0.5
288	-0.081723	18.409490	9.570197	0.008460	0.4
289	-0.063310	17.609976	9.768371	0.003375	0.4
290	-0.075935	18.381749	9.576939	0.007170	0.5
291	-0.069002	19.367533	9.343068	0.006817	0.5
292	-0.082043	18.570304	9.531304	0.019182	0.5
293	-0.059160	17.768883	9.728333	0.006412	0.5
294	-0.093806	16.967844	9.933579	0.013721	0.4
295	-0.079243	16.166496	10.147758	0.016164	0.4
296	-0.092664	17.166496	9.881876	0.016270	0.4
297	-0.069825	18.166495	9.629572	0.006510	0.4
298	-0.084663	19.166495	9.389831	0.010220	0.4
299	-0.081165	18.365613	9.580864	0.007720	0.3
300	-0.072325	17.801325	9.720199	0.001728	0.3
301	-0.056693	17.079006	9.904581	0.005085	0.4
302	-0.065664	17.374338	9.828354	0.006047	0.4
303	-0.094701	18.368287	9.580213	0.008872	0.6
304	-0.055511	18.185660	9.624863	0.004892	0.3
305	-0.084811	19.184617	9.385596	0.004909	0.3
306	-0.079508	19.295841	9.359690	0.011259	0.4
307	-0.057375	20.295662	9.133080	0.004564	0.4
308	-0.075273	21.285960	8.919192	0.005479	0.3
309	-0.077330	21.852679	8.801237	0.005848	0.4
310	-0.053384	22.847809	8.601492	0.001277	0.4
311	-0.065825	23.092592	8.553740	0.003810	0.4
312	-0.070615	22.748021	8.621112	0.002689	0.4
313	-0.057849	22.522978	8.665689	0.003854	0.3
314	-0.064942	23.040302	8.563897	0.008484	0.4
315	-0.071499	23.968331	8.387160	0.012200	0.4
316	-0.094597	24.968331	8.204705	0.005082	0.4
317	-0.080040	24.166911	8.350285	0.007701	0.3
318	-0.061222	23.365830	8.501060	0.004600	0.4
319	-0.079127	24.356245	8.315428	0.006071	0.4
320	-0.073491	25.316435	8.143040	0.004615	0.4
321	-0.082316	24.518384	8.285808	0.004936	0.5
322	-0.089711	23.886549	8.402441	0.011385	0.4
323	-0.071905	24.120217	8.358927	0.005982	0.5
324	-0.075927	23.356228	8.502900	0.004635	0.4
325	-0.076041	24.346435	8.317227	0.009530	0.7
326	-0.068596	23.545509	8.466770	0.002955	0.7
327	-0.082532	22.747455	8.621224	0.008626	0.5
328	-0.074668	23.732294	8.431416	0.006269	0.4
329	-0.078174	22.930925	8.585218	0.009095	0.5
330	-0.064330	23.847412	8.409774	0.001491	0.4
331	-0.076807	24.638679	8.263968	0.003675	0.4
332	-0.061996	24.483969	8.292077	0.008019	0.4
333	-0.082439	25.476115	8.115063	0.005707	0.4
334	-0.078457	26.139300	8.000895	0.011076	0.4
335	-0.077589	26.943742	7.866649	0.005872	0.6
336	-0.074978	26.164776	7.996573	0.010049	0.4
337	-0.074246	25.363814	8.134719	0.006404	0.5
338	-0.072864	26.361520	7.963355	0.009994	0.4
339	-0.065011	27.361463	7.798701	0.011739	0.4
340	-0.090939	26.560041	7.930115	0.005685	0.4
341	-0.075312	25.758684	8.066022	0.004021	0.3
342	-0.065004	24.984831	8.201761	0.001827	0.4
343	-0.073197	25.519008	8.107580	0.008611	0.4
344	-0.064333	26.416012	7.954203	0.011065	0.5
345	-0.082012	27.412796	7.790432	0.012269	0.5
346	-0.073369	28.412796	7.632772	0.005830	0.5
347	-0.074303	27.611375	7.758608	0.006910	0.4
348	-0.071388	28.608121	7.602719	0.004178	0.4
349	-0.075491	29.597915	7.453995	0.003942	0.4
350	-0.081966	29.325355	7.494365	0.007577	0.4
351	-0.067710	28.526818	7.615199	0.012990	0.3
352	-0.072081	27.725396	7.740452	0.004272	0.4
353	-0.080015	27.549144	7.768553	0.009507	0.4
354	-0.071961	28.548779	7.611824	0.009453	0.4
355	-0.070314	27.749798	7.736577	0.008977	0.6
356	-0.069985	28.749775	7.581071	0.008731	0.4
357	-0.088464	29.749648	7.431709	0.004489	0.4
358	-0.064739	28.952271	7.550339	0.004437	0.4
359	-0.077915	29.852563	7.416668	0.009018	0.3
360	-0.085438	29.051643	7.535349	0.009430	0.5
361	-0.066111	30.051643	7.387746	0.011920	0.4
362	-0.057170	29.250222	7.505571	0.006639	0.3
363	-0.075723	28.448800	7.627214	0.010957	0.4
364	-0.089565	27.647380	7.752865	0.017243	0.4
365	-0.085100	28.647380	7.596707	0.004470	0.4
366	-0.089540	27.845959	7.721347	0.001743	0.4
367	-0.074856	27.316133	7.806018	0.003113	0.4
368	-0.071417	27.144383	7.833865	0.005347	0.3
369	-0.080045	27.153043	7.832456	0.003853	0.4
370	-0.056418	26.390577	7.958472	0.005677	0.4
371	-0.062409	26.885964	7.876141	0.004928	0.4
372	-0.081135	27.845486	7.721422	0.003242	0.4
373	-0.054378	28.717346	7.586016	0.004665	0.4
374	-0.074307	29.344214	7.491558	0.008992	0.4
375	-0.063225	28.621880	7.600611	0.014048	0.3
376	-0.079020	27.820459	7.725380	0.006331	0.4
377	-0.067406	28.794845	7.574210	0.010670	0.4
378	-0.073681	29.794582	7.425134	0.006430	0.5
379	-0.075194	30.478542	7.326482	0.005222	0.5
380	-0.075490	30.269730	7.356321	0.004917	0.4
381	-0.094361	29.531271	7.463826	0.005124	0.4
382	-0.085703	28.744085	7.581939	0.015205	0.4
383	-0.062453	28.058780	7.687851	0.011315	0.4
384	-0.075954	27.257359	7.815525	0.009847	0.4
385	-0.082018	28.257359	7.656858	0.009452	0.3
386	-0.062445	27.455937	7.783496	0.005166	0.3
387	-0.067687	26.654767	7.914352	0.005649	0.4
388	-0.073180	26.808124	7.888964	0.009231	0.4
389	-0.077650	26.458050	7.947157	0.009954	0.3
390	-0.077649	27.458049	7.783157	0.002977	0.4
391	-0.057876	28.412724	7.632783	0.009438	0.4
392	-0.072640	27.810251	7.726996	0.004844	0.4
393	-0.069441	27.047038	7.849737	0.009929	0.7
394	-0.074786	26.246731	7.982702	0.004229	0.3
395	-0.071267	27.242944	7.817860	0.008064	0.4
396	-0.069215	27.769003	7.733531	0.009528	0.6
397	-0.080553	28.768980	7.578146	0.007030	0.5
398	-0.074565	27.967559	7.702173	0.003800	0.5
399	-0.087707	27.437787	7.786412	0.003154	0.4
400	-0.056925	28.012938	7.695041	0.005889	0.4
401	-0.058234	28.323736	7.646554	0.011218	0.4
402	-0.081967	29.323701	7.494612	0.011756	0.4
403	-0.082184	28.522280	7.615897	0.011465	0.4
404	-0.087066	29.522280	7.465154	0.011334	0.4
405	-0.061050	30.522280	7.320262	0.006334	0.4
406	-0.055071	29.728672	7.434782	0.002890	0.4
407	-0.076153	30.653869	7.301614	0.010499	0.3
408	-0.070834	31.505261	7.183215	0.007680	0.4
409	-0.070237	31.555211	7.176388	0.004382	0.4
410	-0.079552	30.914867	7.264905	0.003431	0.3
411	-0.076117	30.939604	7.261445	0.012304	0.4
412	-0.069022	30.147861	7.373849	0.011425	0.4
413	-0.072059	29.346440	7.491227	0.003824	0.4
414	-0.065560	30.341064	7.346100	0.004232	0.3
415	-0.067193	31.259273	7.217027	0.006420	0.4
416	-0.075668	30.475371	7.326933	0.005105	0.4
417	-0.075038	29.784807	7.426563	0.007048	0.4
418	-0.080043	29.009245	7.541737	0.003157	0.3
419	-0.088814	28.394977	7.635525	0.007667	0.4
420	-0.068157	27.908691	7.711443	0.007491	0.4
421	-0.057134	28.553051	7.611168	0.008037	0.4
422	-0.066129	27.756212	7.735560	0.013325	0.5
423	-0.072850	26.954790	7.864837	0.005582	0.4
424	-0.077936	26.155841	7.998088	0.006850	0.4
425	-0.059784	27.153145	7.832439	0.003315	0.4
426	-0.068950	26.375665	7.960977	0.004346	0.4
427	-0.077716	26.015673	8.021933	0.009101	0.4
428	-0.072042	26.554741	7.930999	0.004934	0.3
429	-0.069058	25.754247	8.066788	0.004796	0.4
430	-0.083086	26.350708	7.965173	0.003490	0.3
431	-0.058281	25.903384	8.041138	0.013593	0.4
432	-0.073901	25.102171	8.180886	0.003991	0.5
433	-0.080758	24.860073	8.224073	0.009271	0.5
434	-0.072506	24.389810	8.309279	0.008940	0.4
435	-0.083295	23.759046	8.426377	0.004942	0.5
436	-0.088278	22.958234	8.579885	0.005597	0.4
437	-0.076355	23.923174	8.395591	0.005943	0.4
438	-0.062276	23.122947	8.547856	0.008539	0.4
439	-0.080896	23.411376	8.492342	0.015274	0.4
440	-0.068960	24.411376	8.305333	0.007948	0.4
441	-0.081485	25.411373	8.126383	0.010588	0.4
442	-0.079246	24.611487	8.268895	0.005675	0.3
443	-0.090022	25.610539	8.091659	0.007502	0.3
444	-0.056308	26.607671	7.922181	0.012534	0.3
445	-0.079238	25.806249	8.057826	0.009130	0.4
446	-0.084479	25.004828	8.198196	0.011703	0.4
447	-0.062949	26.004827	8.023784	0.013295	0.4
448	-0.079358	25.203406	8.162961	0.008911	0.4
449	-0.061089	24.401984	8.307051	0.011812	0.4
450	-0.075785	25.401984	8.128027	0.008611	0.4
451	-0.075226	26.401983	7.956557	0.010366	0.4
452	-0.059906	27.401983	7.792172	0.004013	0.3
453	-0.064725	28.377074	7.638294	0.004492	0.3
454	-0.073842	28.418500	7.631891	0.002360	0.3
455	-0.086103	27.832559	7.723466	0.013643	0.4
456	-0.067052	28.103761	7.680809	0.010874	0.4
457	-0.064092	27.302751	7.808180	0.008044	0.4
458	-0.069020	28.302441	7.649856	0.005709	0.3
459	-0.078809	29.296917	7.498603	0.008597	0.4
460	-0.062846	30.296832	7.352434	0.006913	0.4
461	-0.072711	29.561270	7.459397	0.010111	0.4
462	-0.083760	28.759980	7.579517	0.005074	0.4
463	-0.078380	29.759845	7.430216	0.006779	0.4
464	-0.068015	30.539234	7.317854	0.007543	0.4
465	-0.066264	31.524363	7.180603	0.005723	0.4
466	-0.061816	32.524111	7.046480	0.006596	0.4
467	-0.092367	31.771077	7.147032	0.015322	0.4
468	-0.051026	32.771077	7.014116	0.004375	0.4
469	-0.094909	33.116622	6.969330	0.003338	0.8
470	-0.067627	32.879870	6.999954	0.008034	0.3
471	-0.084698	32.145943	7.096621	0.009984	0.4
472	-0.074650	31.444874	7.191486	0.007287	0.4
473	-0.068794	32.444873	7.056927	0.001711	0.4
474	-0.079856	33.267314	6.949977	0.012710	0.5
475	-0.087408	32.788395	7.011858	0.005656	0.4
476	-0.092747	31.986981	7.117911	0.011023	0.5
477	-0.072125	31.185638	7.227210	0.009805	0.5
478	-0.065181	32.185638	7.091324	0.004675	0.4
479	-0.093394	33.185370	6.960487	0.013955	0.4
480	-0.059546	34.183569	6.834581	0.009846	0.4
481	-0.082000	35.183569	6.712934	0.008968	0.5
482	-0.074942	34.382147	6.810075	0.009701	0.4
483	-0.076116	35.382147	6.689291	0.011722	0.4
484	-0.082905	36.382147	6.572717	0.011141	0.6
485	-0.074755	37.382147	6.460136	0.008297	0.4
486	-0.072671	36.581068	6.550010	0.007668	0.4
487	-0.082746	35.779802	6.642443	0.012443	0.5
488	-0.068948	36.779802	6.527482	0.003918	0.3
489	-0.083417	35.993451	6.617543	0.006756	0.4
490	-0.074283	36.972106	6.505829	0.006619	0.4
491	-0.085515	37.673909	6.428012	0.014493	0.6
492	-0.051661	38.673909	6.320293	0.006573	0.4
493	-0.088848	37.872487	6.406330	0.006574	0.4
494	-0.060899	37.180455	6.482531	0.008381	0.4
495	-0.060081	38.115756	6.379967	0.014104	0.4
496	-0.090285	39.115756	6.273839	0.004833	0.4
497	-0.068159	40.115668	6.171193	0.007661	0.4
498	-0.074995	40.973330	6.085789	0.008397	0.4
499	-0.069382	41.904787	5.995674	0.011498	0.3
500	-0.074397	41.103366	6.073046	0.011255	0.4
501	-0.061912	40.301944	6.152441	0.008730	0.3
502	-0.074335	39.501197	6.233870	0.007973	0.4
503	-0.085548	40.501101	6.132518	0.009947	0.4
504	-0.063565	41.426658	6.041595	0.002601	0.3
505	-0.057721	41.147501	6.068733	0.004771	0.4
506	-0.088992	41.280589	6.055765	0.003412	0.4
507	-0.085841	40.738698	6.108917	0.008674	0.4
508	-0.076450	41.612859	6.023628	0.004376	0.3
509	-0.077279	41.694658	6.015769	0.001162	0.4
510	-0.062891	42.038835	5.982924	0.005287	0.6
511	-0.055099	42.269179	5.961142	0.003165	0.4
512	-0.088690	43.103657	5.883543	0.008594	0.3
513	-0.073996	42.368419	5.951807	0.004079	0.4
514	-0.070062	41.576604	6.027118	0.005284	0.3
515	-0.076239	41.347206	6.049294	0.012771	0.4
516	-0.061333	40.545888	6.128055	0.008732	0.4
517	-0.071618	41.545888	6.030078	0.004972	0.4
518	-0.069950	42.545106	5.935258	0.010818	0.5
519	-0.076443	41.757387	6.009756	0.011609	0.4
520	-0.075609	42.757387	5.915496	0.014495	0.5
521	-0.083099	41.955965	5.990800	0.008766	0.4
522	-0.071770	42.955965	5.897129	0.004194	0.4
523	-0.077205	43.953508	5.806562	0.003592	0.4
524	-0.087487	43.408614	5.855686	0.005189	0.4
525	-0.078189	43.475296	5.849629	0.012389	0.4
526	-0.081818	42.673888	5.923254	0.006386	0.4
527	-0.063493	41.872466	5.998756	0.003895	0.4
528	-0.051006	41.202647	6.063353	0.005248	0.4
529	-0.079409	40.439670	6.138649	0.008778	0.4
530	-0.056137	41.439514	6.040351	0.005027	0.4
531	-0.075380	42.437782	5.945299	0.005424	0.4
532	-0.081368	41.749969	6.010467	0.007269	0.4
533	-0.082155	42.746273	5.916528	0.005003	0.3
534	-0.074000	41.945854	5.991762	0.002288	0.4
535	-0.083126	41.820176	6.003749	0.011576	0.4
536	-0.069692	41.091502	6.074206	0.006314	0.4
537	-0.072652	40.290095	6.153630	0.003728	0.4
538	-0.083665	39.561059	6.227708	0.003104	0.4
539	-0.091342	39.412885	6.242983	0.002961	0.4
540	-0.082765	39.781783	6.205093	0.006478	0.4
541	-0.078601	40.589997	6.123666	0.006126	0.4
542	-0.071367	39.789107	6.204345	0.012959	0.3
543	-0.071271	38.988129	6.287187	0.003018	0.4
544	-0.071986	38.187833	6.372198	0.001403	0.4
545	-0.074226	38.106462	6.380970	0.006457	0.4
546	-0.069030	37.985332	6.394074	0.008058	0.7
547	-0.111152	37.213378	6.478864	0.002656	0.4
548	-0.070415	37.666047	6.428873	0.007557	0.5
549	-0.063985	36.948921	6.508432	0.012356	0.5
550	-0.062301	36.147507	6.599703	0.002649	0.4
551	-0.060779	36.351427	6.576237	0.002549	0.4
552	-0.086161	36.861630	6.518250	0.009695	0.4
553	-0.067991	37.726119	6.422297	0.006577	0.4
554	-0.068029	36.924699	6.511153	0.009542	0.4
555	-0.086365	36.123303	6.602500	0.006582	0.5
556	-0.064638	35.323062	6.696308	0.009949	0.4
557	-0.097963	34.533158	6.791557	0.008191	0.3
558	-0.087165	33.876634	6.872808	0.007223	0.4
559	-0.076253	33.401204	6.932872	0.010553	0.4
560	-0.067502	32.599895	7.036517	0.003293	0.4
561	-0.078160	32.572421	7.040126	0.006172	0.4
562	-0.059430	33.519864	6.917783	0.002272	0.3
563	-0.065702	34.141950	6.839740	0.008385	0.4
564	-0.093784	33.429025	6.929328	0.004674	0.4
565	-0.066562	33.061152	6.976481	0.008448	0.4
566	-0.102588	34.001781	6.857171	0.011915	0.3
567	-0.078494	35.001766	6.734727	0.017090	0.3
568	-0.096804	34.200344	6.832504	0.008075	0.4
569	-0.078942	35.200344	6.710930	0.008235	0.4
570	-0.058037	34.398924	6.808013	0.004989	0.4
571	-0.058803	35.393660	6.687925	0.011718	0.3
572	-0.076137	34.594288	6.784089	0.005594	0.4
573	-0.064992	33.792872	6.883315	0.004498	0.4
574	-0.074840	34.643844	6.778047	0.008241	0.3
575	-0.085443	35.613347	6.661973	0.009541	0.3
576	-0.071518	34.811925	6.757634	0.007764	0.4
577	-0.065956	35.811890	6.638691	0.003130	0.8
578	-0.070599	35.055217	6.728305	0.010970	0.3
579	-0.061974	34.256873	6.825515	0.006915	0.5
580	-0.076424	33.455452	6.925966	0.007056	0.4
581	-0.081673	32.654120	7.029406	0.007038	0.4
582	-0.081866	31.853290	7.135915	0.009307	0.4
583	-0.082825	31.187807	7.226910	0.009457	0.3
584	-0.065185	30.386542	7.339599	0.004126	0.4
585	-0.073820	31.344125	7.205328	0.005851	0.4
586	-0.075454	30.563424	7.314421	0.008361	0.4
587	-0.059687	31.559746	7.175769	0.001942	0.5
588	-0.073160	30.813958	7.279054	0.006872	0.4
589	-0.058364	30.803864	7.280472	0.009516	0.4
590	-0.094137	30.002456	7.394871	0.012227	0.3
591	-0.082380	31.002456	7.252669	0.006278	0.4
592	-0.071066	30.201053	7.366188	0.002443	0.4
593	-0.071887	29.737435	7.433497	0.005966	0.4
594	-0.071810	29.120091	7.525058	0.008122	0.4
595	-0.085264	28.320622	7.647036	0.002834	0.4
596	-0.072568	27.986016	7.699271	0.010350	0.4
597	-0.071659	27.260121	7.815078	0.003082	0.4
598	-0.094366	26.893319	7.874931	0.007367	0.4
599	-0.066803	26.150246	7.999038	0.011378	0.4
600	-0.079333	27.150242	7.832912	0.005157	0.4
601	-0.056958	28.138046	7.675450	0.005831	0.4
602	-0.078321	27.348420	7.800805	0.006761	0.4
603	-0.065562	26.559559	7.930195	0.002944	0.4
604	-0.073443	25.805498	8.057955	0.013030	0.4
605	-0.093509	26.802941	7.889820	0.003167	0.4
606	-0.081186	27.585019	7.762817	0.009660	0.4
607	-0.083956	28.577848	7.607361	0.007683	0.4
608	-0.069420	29.577845	7.456953	0.006419	0.7
609	-0.074053	30.576161	7.312615	0.004866	0.5
610	-0.071193	29.791679	7.425559	0.005178	0.5
611	-0.062642	30.740310	7.289415	0.007876	0.5
612	-0.076744	31.730802	7.152491	0.010366	0.5
613	-0.072919	30.929394	7.262873	0.006270	0.5
614	-0.069028	30.128013	7.376711	0.005037	0.3
615	-0.062681	29.354881	7.489971	0.004016	0.4
616	-0.070610	30.317019	7.349542	0.004319	0.4
617	-0.070308	30.668658	7.299524	0.006154	0.4
618	-0.074060	30.168153	7.370924	0.004698	0.3
619	-0.062292	29.375852	7.486853	0.011580	0.3
620	-0.085609	30.375775	7.341137	0.007634	0.4
621	-0.053710	29.574353	7.457467	0.002578	0.4
622	-0.078178	30.507880	7.322309	0.003388	0.4
623	-0.071555	30.473630	7.327181	0.003431	0.4
624	-0.073783	30.681772	7.297671	0.006375	0.6
625	-0.088742	30.195393	7.367003	0.004941	0.4
626	-0.098400	29.445136	7.476570	0.007877	0.4
627	-0.082253	28.671046	7.593087	0.009369	0.5
628	-0.069477	29.670405	7.443331	0.010231	0.4
629	-0.090039	30.670405	7.299277	0.007602	0.3
630	-0.070765	31.670401	7.160693	0.007031	0.4
631	-0.059839	30.879603	7.269843	0.002270	0.3
632	-0.064247	31.285583	7.213395	0.002337	0.4
633	-0.061546	31.116503	7.236798	0.008722	0.4
634	-0.079869	31.832063	7.138782	0.005246	0.3
635	-0.058894	31.031238	7.248657	0.013887	0.4
636	-0.082355	31.754086	7.149334	0.008166	0.4
637	-0.081028	32.754071	7.016335	0.009185	0.4
638	-0.060781	33.754053	6.888195	0.003902	0.4
639	-0.072171	32.968062	6.988515	0.005250	0.4
640	-0.065211	32.417734	7.060513	0.003566	0.4
641	-0.082389	32.991392	6.985495	0.005229	0.4
642	-0.068310	33.795005	6.883047	0.003413	0.4
643	-0.076179	34.727354	6.767890	0.010495	0.4
644	-0.074600	35.719477	6.649508	0.003639	0.3
645	-0.074909	36.718741	6.534387	0.001914	0.4
646	-0.077988	37.318207	6.467219	0.009742	0.3
647	-0.068037	37.846714	6.409136	0.006009	0.4
648	-0.082143	38.830909	6.303708	0.005598	0.5
649	-0.059706	38.033511	6.388856	0.003481	0.5
650	-0.077307	37.630634	6.432756	0.020701	0.5
651	-0.053144	37.137524	6.487318	0.003852	0.4
652	-0.063552	36.336930	6.577900	0.004871	0.4
653	-0.063501	36.899572	6.513979	0.004173	0.4
654	-0.060327	36.140579	6.600503	0.005808	0.4
655	-0.062908	35.346806	6.693487	0.002333	0.3
656	-0.074748	35.219421	6.708653	0.012017	0.5
657	-0.072945	34.445425	6.802303	0.002736	0.4
658	-0.082750	33.703359	6.894578	0.015610	0.6
659	-0.061013	34.373956	6.811083	0.002348	0.3
660	-0.059570	33.573431	6.910993	0.007518	0.5
661	-0.080053	33.138140	6.966560	0.013451	0.4
662	-0.067630	32.336719	7.071237	0.006563	0.4
663	-0.067368	33.336717	6.941100	0.005378	0.5
664	-0.069260	32.549666	7.043118	0.003011	0.4
665	-0.068161	33.401746	6.932803	0.008918	0.4
666	-0.080629	34.342735	6.814925	0.004041	0.4
667	-0.067700	33.541989	6.914977	0.014013	0.4
668	-0.081330	32.744209	7.017623	0.024191	0.6
669	-0.081404	31.942788	7.123852	0.004557	0.4
670	-0.069785	31.141366	7.233347	0.005711	0.4
671	-0.084954	31.856002	7.135549	0.010658	0.4
672	-0.069624	32.855988	7.003058	0.008211	0.4
673	-0.078241	32.060430	7.108058	0.008179	0.4
674	-0.086514	33.060426	6.976575	0.020370	0.7
675	-0.060981	32.259007	7.081555	0.009680	0.4
676	-0.068218	31.457586	7.189744	0.015647	0.4
677	-0.081089	32.457586	7.055249	0.009980	0.4
678	-0.079462	33.457584	6.925695	0.009853	0.4
679	-0.064706	33.649158	6.901416	0.006372	0.4
680	-0.063441	32.847806	7.004122	0.006679	0.3
681	-0.076451	33.847071	6.876513	0.008368	0.4
682	-0.063289	33.045709	6.978474	0.008164	0.3
683	-0.094704	34.044348	6.851868	0.007076	0.4
684	-0.070325	35.044291	6.729617	0.007174	0.3
685	-0.064462	36.043963	6.611683	0.003619	0.4
686	-0.057145	35.702767	6.651467	0.007182	0.4
687	-0.060411	36.590051	6.548989	0.009059	0.3
688	-0.054731	35.788767	6.641394	0.004476	0.3
689	-0.095240	36.783273	6.527089	0.006596	0.3
690	-0.081711	37.777548	6.416678	0.005661	0.3
691	-0.075994	37.035010	6.498777	0.010198	0.4
692	-0.060729	37.503803	6.446702	0.007347	0.4
693	-0.071187	38.503803	6.338361	0.007216	0.4
694	-0.070032	37.702535	6.424877	0.005502	0.4
695	-0.072609	38.701206	6.317403	0.004336	0.4
696	-0.080757	39.029402	6.282864	0.004399	0.3
697	-0.080370	39.774760	6.205810	0.009402	0.4
698	-0.070684	40.766928	6.106125	0.006768	0.4
699	-0.059294	41.763429	6.009178	0.007697	0.4
700	-0.080290	40.964494	6.086656	0.016738	0.4
701	-0.070151	41.964494	5.989988	0.005355	0.6
702	-0.070773	41.211428	6.062497	0.001666	0.4
703	-0.079781	41.795013	6.006155	0.003980	0.5
704	-0.072814	41.585457	6.026266	0.018511	0.4
705	-0.074518	40.784036	6.104434	0.009084	0.3
706	-0.083077	39.982614	6.184658	0.006068	0.4
707	-0.079137	40.978370	6.085294	0.013564	0.4
708	-0.073587	41.978323	5.988673	0.003965	0.5
709	-0.076219	42.978284	5.895072	0.003740	0.4
710	-0.083616	43.567303	5.841294	0.012526	0.4
711	-0.059462	42.766980	5.914606	0.007971	0.4
712	-0.076809	41.965558	5.989887	0.003590	0.4
713	-0.076710	42.634213	5.926947	0.001703	0.4
714	-0.081915	42.922284	5.900237	0.012022	0.4
715	-0.061297	42.715159	5.919417	0.001950	0.4
716	-0.097975	43.694507	5.829809	0.012476	0.4
717	-0.087970	42.969642	5.895868	0.007278	0.3
718	-0.070555	42.354246	5.953138	0.003372	0.4
719	-0.073882	43.313409	5.864354	0.002286	0.3
720	-0.070081	43.009885	5.892162	0.003827	0.4
721	-0.074000	43.650126	5.833811	0.003942	0.4
722	-0.079375	44.159901	5.788170	0.006958	0.3
723	-0.063843	44.666818	5.743488	0.006835	0.4
724	-0.081246	45.666741	5.657343	0.012354	0.4
725	-0.088649	46.666733	5.573737	0.008027	0.4
726	-0.067872	45.865313	5.640542	0.007042	0.4
727	-0.066036	46.865302	5.557429	0.007963	0.4
728	-0.077632	47.865262	5.476732	0.008183	0.4
729	-0.106193	47.063842	5.541218	0.011982	0.3
730	-0.095122	48.063842	5.460985	0.004330	0.4
731	-0.066309	48.969986	5.390262	0.005835	0.4
732	-0.069678	48.344409	5.438890	0.003103	0.4
733	-0.063019	47.606717	5.497371	0.002549	0.4
734	-0.075990	47.884941	5.475167	0.002919	0.8
735	-0.081490	47.878623	5.475670	0.015444	0.4
736	-0.068698	48.877914	5.397365	0.005188	0.4
737	-0.068835	49.877914	5.321215	0.009229	0.7
738	-0.068686	49.076538	5.382067	0.004782	0.5
739	-0.074688	48.300331	5.442349	0.007533	0.4
740	-0.072904	49.290193	5.365707	0.013293	0.4
741	-0.080988	48.828499	5.401184	0.002573	0.5
742	-0.082388	49.036382	5.385152	0.014384	0.3
743	-0.066476	50.028234	5.309953	0.006110	0.4
744	-0.082339	50.846799	5.249456	0.009652	0.4
745	-0.076650	51.846788	5.177395	0.016641	0.4
746	-0.074066	52.351913	5.141742	0.016116	0.4
747	-0.075034	51.550491	5.198539	0.007657	0.4
748	-0.075659	50.749069	5.256606	0.008224	0.4
749	-0.073158	49.948843	5.315895	0.008106	0.4
750	-0.068184	50.948840	5.242011	0.011261	0.4
751	-0.055353	51.948840	5.170152	0.010179	0.4
752	-0.071145	52.948840	5.100237	0.004548	0.4
753	-0.067859	52.147500	5.156110	0.003420	0.4
754	-0.073249	51.873243	5.175515	0.007144	0.4
755	-0.073393	52.629583	5.122351	0.008982	0.4
756	-0.057545	52.692237	5.117996	0.009463	0.4
757	-0.102644	51.890992	5.174255	0.009255	0.4
758	-0.052028	51.089570	5.231777	0.007041	0.3
759	-0.071812	50.288150	5.290593	0.012090	0.4
760	-0.075956	49.486728	5.350746	0.007697	0.4
761	-0.076818	50.303050	5.289487	0.005834	0.6
762	-0.072042	49.692451	5.335175	0.007390	0.4
763	-0.073650	48.906104	5.395188	0.008456	0.4
764	-0.070352	48.105113	5.457723	0.007476	0.4
765	-0.092137	47.305896	5.521582	0.015247	0.4
766	-0.090862	48.305896	5.441912	0.012373	0.5
767	-0.074504	49.305628	5.364529	0.003803	0.4
768	-0.065455	50.231126	5.294828	0.010495	0.4
769	-0.059398	49.431702	5.354927	0.003236	0.4
770	-0.079885	50.136892	5.301842	0.008412	0.4
771	-0.053984	51.124158	5.229269	0.008851	0.8
772	-0.077873	52.123943	5.157772	0.009527	0.4
773	-0.065664	51.353580	5.212687	0.007945	0.5
774	-0.064407	50.552415	5.271053	0.012903	0.5
775	-0.094019	49.750994	5.330760	0.005433	0.4
776	-0.086241	50.750989	5.256465	0.005842	0.4
777	-0.088519	49.961794	5.314925	0.008966	0.4
778	-0.071771	49.559629	5.345218	0.007607	0.4
779	-0.057669	48.759893	5.406496	0.003944	0.4
780	-0.060653	48.333046	5.439781	0.010901	0.4
781	-0.079211	49.332664	5.362467	0.007636	0.3
782	-0.058652	50.330824	5.287428	0.003756	0.3
783	-0.066710	51.324150	5.214808	0.004887	0.4
784	-0.083639	52.278859	5.146868	0.002499	0.4
785	-0.060074	52.473208	5.133253	0.007358	0.3
786	-0.071633	52.619515	5.123052	0.009164	0.4
787	-0.078878	51.818109	5.179434	0.004259	0.4
788	-0.091023	52.817399	5.109318	0.009215	0.4
789	-0.071443	53.148649	5.086493	0.009812	0.3
790	-0.073026	54.148649	5.018807	0.001738	0.4
791	-0.066357	54.200702	5.015333	0.002458	0.4
792	-0.073534	54.299197	5.008773	0.002778	0.5
793	-0.084206	54.417700	5.000903	0.002646	0.5
794	-0.080240	55.016172	4.961531	0.005443	0.4
795	-0.070700	54.546492	4.992377	0.004699	0.3
796	-0.053227	55.014996	4.961608	0.003116	0.4
797	-0.071640	54.388855	5.002816	0.005938	0.4
798	-0.059362	53.655862	5.051935	0.003697	0.4
799	-0.071328	52.866961	5.105890	0.002471	0.4
800	-0.051240	53.522204	5.060996	0.003981	0.4
801	-0.062446	53.258175	5.078991	0.012784	0.3
802	-0.079408	54.247171	5.012236	0.004539	0.4
803	-0.082383	53.445757	5.066193	0.007093	0.4
804	-0.076850	54.441718	4.999311	0.001846	0.4
805	-0.066359	55.242902	4.946776	0.005864	0.4
806	-0.071992	55.970309	4.900027	0.004101	0.4
807	-0.075113	56.926730	4.839887	0.003758	0.7
808	-0.089260	56.725944	4.852390	0.008804	0.4
809	-0.073428	56.737965	4.851640	0.007987	0.4
810	-0.093738	57.735155	4.790193	0.003737	0.4
811	-0.074726	56.982995	4.836395	0.008445	0.3
812	-0.088812	56.277217	4.880566	0.002885	0.3
813	-0.064935	56.605628	4.859913	0.010283	0.5
814	-0.088818	56.014600	4.897209	0.009397	0.4
815	-0.061422	57.014600	4.834436	0.007980	0.4
816	-0.079852	56.214480	4.884532	0.006073	0.4
817	-0.076285	57.213139	4.822164	0.008420	0.4
818	-0.060468	56.444183	4.870044	0.005268	0.4
819	-0.077695	55.644798	4.920837	0.005329	0.4
820	-0.079492	56.625963	4.858640	0.010653	0.4
821	-0.066701	55.824752	4.909311	0.008793	0.3
822	-0.081188	56.821214	4.846450	0.013633	0.4
823	-0.081393	56.019796	4.896879	0.004102	0.3
824	-0.069313	55.218416	4.948366	0.016187	0.3
825	-0.084274	56.218413	4.884283	0.008868	0.4
826	-0.078381	55.416991	4.935507	0.004418	0.4
827	-0.074700	56.416412	4.871791	0.008949	0.5
828	-0.061641	57.414961	4.809753	0.006757	0.3
829	-0.083980	56.613778	4.859403	0.013901	0.4
830	-0.069814	57.606016	4.798063	0.003112	0.4
831	-0.072161	58.563011	4.740351	0.013260	0.3
832	-0.064405	57.763005	4.788499	0.008111	0.4
833	-0.074978	58.763005	4.728465	0.013691	0.4
834	-0.068361	59.763005	4.669918	0.007244	0.3
835	-0.075780	59.004570	4.714188	0.005500	0.4
836	-0.064398	58.203522	4.761866	0.010953	0.3
837	-0.058751	59.193605	4.703076	0.003727	0.4
838	-0.067452	60.187663	4.645491	0.004951	0.4
839	-0.069694	61.012220	4.598785	0.013124	0.4
840	-0.084984	62.012209	4.543387	0.007659	0.4
841	-0.089682	62.873094	4.496753	0.005319	0.4
842	-0.072701	62.072024	4.540116	0.006645	0.4
843	-0.066218	61.289035	4.583315	0.004909	0.4
844	-0.081570	60.489962	4.628258	0.005676	0.3
845	-0.084221	61.465416	4.573512	0.012071	0.4
846	-0.067324	62.465412	4.518717	0.002643	0.4
847	-0.070192	62.063617	4.540575	0.011339	0.7
848	-0.071094	63.000797	4.489917	0.005866	0.6
849	-0.089292	62.199379	4.533166	0.003006	0.4
850	-0.065737	61.486739	4.572330	0.004907	0.4
851	-0.082481	62.387605	4.522934	0.011935	0.6
852	-0.068655	63.317672	4.473043	0.007563	0.4
853	-0.070425	62.516264	4.515966	0.006182	0.7
854	-0.082574	61.716192	4.559646	0.006758	0.4
855	-0.080667	62.715108	4.505239	0.004828	0.4
856	-0.054546	63.606760	4.457760	0.007408	0.4
857	-0.072160	63.335999	4.472071	0.004955	0.4
858	-0.090358	64.334160	4.419761	0.015998	0.4
859	-0.065225	63.532738	4.461663	0.003096	0.3
860	-0.071177	64.532455	4.409514	0.008497	0.3
861	-0.077527	64.362544	4.418291	0.007080	0.4
862	-0.100369	65.362526	4.367132	0.012092	0.4
863	-0.071222	66.362509	4.317145	0.005403	0.3
864	-0.067335	66.263131	4.322061	0.008249	0.4
865	-0.094728	65.461815	4.362117	0.006580	0.4
866	-0.070037	66.458584	4.312402	0.004247	0.3
867	-0.064971	67.451088	4.264013	0.009508	0.4
868	-0.062068	68.450446	4.216375	0.008534	0.4
869	-0.063954	67.649025	4.254492	0.007968	0.4
870	-0.080151	67.445096	4.264302	0.005210	0.4
871	-0.088197	68.411007	4.218234	0.009723	0.4
872	-0.075260	69.326043	4.175502	0.010850	0.4
873	-0.077224	68.532478	4.212511	0.006235	0.4
874	-0.070478	67.731117	4.250556	0.006484	0.4
875	-0.060447	68.575397	4.210493	0.004810	0.5
876	-0.063324	68.000320	4.237699	0.002385	0.4
877	-0.076435	67.431545	4.264955	0.006759	0.4
878	-0.073749	66.715861	4.299754	0.004718	0.4
879	-0.068573	66.035367	4.333372	0.006532	0.4
880	-0.087650	67.029283	4.284445	0.011031	0.4
881	-0.075282	68.029068	4.236331	0.004873	0.4
882	-0.080252	67.227756	4.274807	0.010006	0.4
883	-0.097519	68.221548	4.227192	0.008079	0.4
884	-0.083199	69.214080	4.180684	0.004700	0.4
885	-0.073737	70.213235	4.134889	0.007737	0.3
886	-0.078680	70.577583	4.118438	0.005855	0.4
887	-0.077869	70.448808	4.124237	0.006499	0.4
888	-0.075094	69.660065	4.160118	0.007062	0.4
889	-0.075273	70.632949	4.115949	0.005610	0.5
890	-0.083220	71.625512	4.071844	0.003747	0.4
891	-0.071989	72.553898	4.031436	0.000659	0.4
892	-0.080513	72.403952	4.037908	0.008697	0.4
893	-0.077340	72.541436	4.031973	0.003727	0.3
894	-0.084858	73.535350	3.989583	0.008193	0.4
895	-0.076799	74.528140	3.948120	0.003726	0.3
896	-0.085665	75.297887	3.916561	0.002625	0.4
897	-0.052119	75.895676	3.892399	0.005798	0.4
898	-0.062525	75.405676	3.912182	0.009588	0.4
899	-0.071122	74.604266	3.944977	0.003395	0.4
900	-0.063441	73.812981	3.977900	0.006422	0.3
901	-0.076607	74.738103	3.939462	0.003747	0.3
902	-0.071058	74.120232	3.965051	0.011388	0.4
903	-0.087254	74.637822	3.943592	0.003355	0.5
904	-0.080808	75.634888	3.902903	0.002611	0.4
905	-0.059873	76.224003	3.879254	0.003503	0.3
906	-0.091157	76.823888	3.855465	0.006342	0.3
907	-0.075841	77.790702	3.817734	0.008690	0.4
908	-0.072543	78.790672	3.779477	0.009131	0.4
909	-0.074427	77.990457	3.810030	0.011366	0.4
910	-0.078724	78.990457	3.771926	0.006050	0.4
911	-0.076191	79.990219	3.734585	0.004460	0.4
912	-0.068215	79.288661	3.760710	0.009902	0.4
913	-0.089287	78.489543	3.790917	0.010174	0.3
914	-0.088158	79.489543	3.753192	0.001863	0.4
915	-0.080700	78.728244	3.781843	0.004006	0.4
916	-0.063276	79.136330	3.766431	0.005672	0.4
917	-0.069573	80.109000	3.730198	0.005481	0.5
918	-0.070514	81.105959	3.693776	0.001202	0.4
919	-0.066797	80.622798	3.711338	0.005759	0.4
920	-0.092699	80.118361	3.729853	0.012442	0.4
921	-0.098256	81.117620	3.693355	0.003289	0.4
922	-0.068234	80.563084	3.713520	0.005159	0.4
923	-0.062569	80.326823	3.722179	0.005657	0.4
924	-0.060804	81.322470	3.685961	0.002485	0.4
925	-0.088648	80.659934	3.709983	0.007537	0.4
926	-0.053390	79.930190	3.736807	0.005776	0.4
927	-0.071954	80.916873	3.700630	0.002151	0.4
928	-0.062209	81.490789	3.679907	0.014747	0.3
929	-0.084878	81.156790	3.691939	0.002926	0.3
930	-0.059398	82.154565	3.656228	0.004694	0.4
931	-0.079097	81.656911	3.673952	0.009939	0.5
932	-0.083753	81.790253	3.669186	0.011055	0.4
933	-0.090738	80.988831	3.698019	0.009641	0.4
934	-0.090146	81.887449	3.665720	0.009195	0.4
935	-0.072451	81.097635	3.694078	0.006909	0.4
936	-0.071875	82.096580	3.658284	0.004726	0.4
937	-0.075638	81.540000	3.678141	0.009314	0.4
938	-0.080417	82.520905	3.643289	0.003800	0.4
939	-0.088305	83.512901	3.608708	0.022491	0.3
940	-0.074309	84.512845	3.574509	0.010929	0.4
941	-0.075363	83.711424	3.601867	0.015225	0.3
942	-0.095447	84.711424	3.567794	0.008921	0.3
943	-0.082236	85.711424	3.534360	0.005922	0.4
944	-0.066947	86.680245	3.502561	0.014816	0.3
945	-0.063174	85.878824	3.528824	0.013734	0.3
946	-0.094527	85.077402	3.555485	0.005801	0.4
947	-0.077430	86.076484	3.522310	0.004244	0.4
948	-0.090757	85.854024	3.529643	0.011437	0.4
949	-0.059788	86.851841	3.496988	0.010053	0.4
950	-0.067720	87.851841	3.464862	0.003899	0.4
951	-0.074974	88.848285	3.433432	0.012620	0.3
952	-0.065044	89.848022	3.402466	0.001819	0.4
953	-0.055553	89.098868	3.425617	0.008686	0.4
954	-0.090929	89.024269	3.427940	0.004401	0.4
955	-0.073060	88.223296	3.453078	0.007107	0.4
956	-0.067307	88.567254	3.442238	0.007639	0.4
957	-0.081417	89.566701	3.411123	0.006417	0.4
958	-0.084600	90.561183	3.380715	0.014072	0.4
959	-0.079325	90.152751	3.393138	0.006278	0.4
960	-0.085045	91.152751	3.362883	0.007947	0.3
961	-0.069077	92.114949	3.334277	0.003314	0.4
962	-0.079013	91.320261	3.357868	0.003706	0.4
963	-0.087288	90.660780	3.377700	0.004311	0.4
964	-0.092873	91.386163	3.355899	0.014232	0.4
965	-0.073343	92.238892	3.330628	0.006378	0.4
966	-0.064567	91.437470	3.354367	0.004498	0.4
967	-0.066210	91.040778	3.366244	0.003732	0.4
968	-0.097229	91.761190	3.344738	0.007632	0.4
969	-0.073564	92.690785	3.317389	0.009343	0.4
970	-0.075470	93.690773	3.288465	0.011541	0.4
971	-0.087054	92.889352	3.311605	0.005506	0.5
972	-0.063708	92.087934	3.335074	0.005742	0.4
973	-0.082271	93.075597	3.306199	0.011044	0.4
974	-0.064336	92.274209	3.329589	0.008076	0.3
975	-0.067204	93.272090	3.300514	0.001623	0.4
976	-0.067080	94.103220	3.276681	0.002975	0.4
977	-0.086927	94.280071	3.271655	0.003402	0.4
978	-0.091093	94.558128	3.263782	0.010139	0.4
979	-0.074500	93.758453	3.286526	0.003925	0.4
980	-0.061112	93.985482	3.280037	0.011862	0.3
981	-0.072942	94.985241	3.251764	0.005161	0.4
982	-0.084216	94.201600	3.273883	0.008171	0.7
983	-0.084634	93.891357	3.282724	0.004280	0.4
984	-0.079039	94.879004	3.254745	0.007521	0.6
985	-0.061900	95.872507	3.227077	0.004628	0.4
986	-0.071188	96.327807	3.214554	0.007404	0.4
987	-0.082341	97.314269	3.187752	0.004453	0.6
988	-0.056355	98.302769	3.161340	0.005606	0.4
989	-0.075911	97.526370	3.182048	0.003409	0.4
990	-0.086395	98.317951	3.160938	0.007412	0.3
991	-0.088840	97.736783	3.176409	0.011279	0.4
992	-0.082168	97.526009	3.182058	0.014062	0.4
993	-0.078641	98.509473	3.155872	0.011427	0.4
994	-0.084570	99.509473	3.129684	0.009873	0.3
995	-0.098299	98.708051	3.150637	0.007475	0.3
996	-0.063925	97.942637	3.170912	0.007600	0.4
997	-0.074984	98.942595	3.144476	0.004275	0.5
998	-0.079788	98.144234	3.165546	0.013514	0.4
999	-0.076975	99.142207	3.139251	0.002876	0.3
