1:ItNr	2:Metric	3a:Time	3b:StepSize	4:||Gradient||	Time[ms]
0	-0.091666	0.000000	465.400232	0.007015	9.4
1	-0.118933	0.000000	465.400232	0.007171	0.4
2	-0.126596	0.949366	445.270477	0.011256	0.4
3	-0.087367	1.949366	425.868177	0.011444	0.5
4	-0.116023	2.949366	408.086155	0.006134	0.5
5	-0.098933	2.264045	420.107719	0.016248	0.5
6	-0.121099	3.264045	402.793718	0.016153	0.4
7	-0.119100	4.264045	386.850359	0.004766	0.5
8	-0.122781	3.538682	398.285641	0.013854	0.4
9	-0.122335	4.538682	382.690254	0.005545	0.4
10	-0.118860	3.802768	394.044927	0.004997	0.6
11	-0.115130	4.802757	378.773661	0.006615	0.6
12	-0.111110	4.102105	389.346030	0.008568	0.5
13	-0.100768	5.102105	374.429763	0.006128	0.5
14	-0.106653	4.365514	385.302844	0.007073	0.5
15	-0.105792	5.365514	370.688950	0.006769	0.5
16	-0.096115	5.474132	369.168091	0.008136	0.5
17	-0.109721	6.472920	355.746853	0.009403	0.5
18	-0.092149	7.472883	343.253084	0.010584	0.7
19	-0.091898	8.472883	331.606681	0.015223	0.6
20	-0.129805	9.472883	320.724656	0.009721	0.5
21	-0.098377	10.472883	310.534148	0.011305	0.7
22	-0.103681	11.472883	300.971272	0.012559	0.6
23	-0.136404	12.472883	291.979777	0.007135	0.6
24	-0.138658	13.472883	283.509937	0.014110	0.4
25	-0.131108	14.471205	275.530670	0.005943	0.5
26	-0.095733	15.471205	267.975925	0.006406	0.5
27	-0.099621	14.734788	273.498334	0.012792	0.5
28	-0.093529	13.998197	279.254521	0.005811	0.5
29	-0.093008	14.997132	271.505096	0.009634	0.5
30	-0.124840	15.997132	264.166551	0.013286	0.5
31	-0.093391	16.997132	257.214275	0.008093	0.5
32	-0.116142	17.997132	250.618553	0.006936	0.5
33	-0.111623	18.997132	244.352640	0.013138	0.5
34	-0.112383	19.997132	238.392403	0.009291	0.5
35	-0.123499	20.993399	232.736693	0.011651	0.5
36	-0.134201	21.993399	227.323381	0.011670	0.4
37	-0.101976	21.256809	231.285918	0.013318	0.4
38	-0.104381	22.256809	225.939109	0.008474	0.5
39	-0.124815	21.520219	229.853118	0.010609	0.5
40	-0.139433	22.520219	224.571593	0.007021	0.4
41	-0.136071	23.520219	219.527332	0.009425	0.4
42	-0.095226	22.788294	223.196750	0.010659	0.4
43	-0.106999	23.788294	218.213377	0.005655	0.4
44	-0.103235	24.783953	213.467913	0.007300	0.5
45	-0.121567	24.047363	216.958425	0.008335	0.8
46	-0.108681	25.045817	212.253914	0.009573	0.4
47	-0.106171	26.045817	207.742271	0.006296	0.5
48	-0.118510	27.045817	203.418435	0.008725	0.4
49	-0.129894	26.338548	206.457638	0.011162	0.4
50	-0.114429	27.338548	202.186562	0.010353	0.4
51	-0.120318	28.338548	198.088619	0.008672	0.7
52	-0.110444	27.601958	201.090764	0.005746	0.7
53	-0.102152	28.597624	197.053892	0.007173	0.5
54	-0.126456	29.597624	193.159364	0.010193	0.4
55	-0.116006	30.597624	189.415793	0.014599	0.5
56	-0.097773	31.597624	185.814570	0.007433	0.5
57	-0.124524	32.597624	182.347726	0.009139	0.4
58	-0.093633	33.595785	179.013909	0.008239	0.4
59	-0.128453	32.859195	181.462143	0.011777	0.4
60	-0.144615	33.859195	178.154363	0.013908	0.4
61	-0.106139	33.122604	180.578983	0.007235	0.4
62	-0.101222	33.754586	178.494726	0.007710	0.4
63	-0.108044	33.017998	180.928675	0.006777	0.6
64	-0.128531	32.281542	183.429467	0.010612	0.5
65	-0.116278	31.544952	186.000834	0.008468	0.5
66	-0.110599	32.544952	182.527101	0.004994	0.5
67	-0.115354	31.835408	184.978318	0.005083	0.5
68	-0.116154	31.108083	187.560248	0.008198	0.5
69	-0.120938	32.108078	184.028592	0.009913	0.5
70	-0.121563	33.108078	180.627462	0.008145	0.4
71	-0.122972	32.371506	183.120276	0.006651	0.5
72	-0.105372	33.371466	179.752463	0.006952	0.5
73	-0.118410	32.634876	182.221078	0.007842	0.4
74	-0.132747	33.634876	178.885826	0.008300	0.4
75	-0.126007	34.634876	175.670472	0.011967	0.4
76	-0.112403	33.898285	178.027506	0.012752	0.5
77	-0.113304	34.898285	174.842659	0.007850	0.5
78	-0.137104	35.898285	171.769761	0.006470	0.4
79	-0.131403	35.167822	174.003630	0.010449	0.4
80	-0.129836	34.431231	176.315853	0.006777	0.5
81	-0.127685	35.431231	173.191416	0.007859	0.5
82	-0.112614	34.703698	175.453429	0.009915	0.4
83	-0.131030	35.703698	172.359214	0.009990	0.4
84	-0.115265	36.703698	169.372244	0.009007	0.8
85	-0.143795	37.703698	166.487039	0.009514	0.6
86	-0.103101	38.703698	163.698484	0.008114	0.5
87	-0.120763	39.703696	161.001808	0.008376	0.6
88	-0.126131	38.967638	162.977985	0.007646	0.5
89	-0.126888	38.231050	165.004755	0.006564	0.4
90	-0.122146	37.494460	167.082574	0.009774	0.5
91	-0.122922	38.494460	164.274202	0.008177	0.5
92	-0.099787	39.494460	161.558677	0.005734	0.4
93	-0.135523	40.494459	158.931472	0.010009	0.5
94	-0.116398	41.494459	156.388343	0.008491	0.5
95	-0.119154	40.757869	158.253597	0.006617	0.5
96	-0.103927	40.021278	160.163882	0.008660	0.5
97	-0.107152	41.021278	157.581480	0.007153	0.5
98	-0.110764	40.284688	159.475476	0.008952	0.4
99	-0.109741	41.284688	156.915048	0.005699	0.5
100	-0.139403	42.284688	154.435538	0.011260	0.5
101	-0.125702	41.565765	156.210107	0.007326	0.4
102	-0.113204	42.565765	153.752650	0.008236	0.4
103	-0.097823	41.860041	155.478818	0.006561	0.4
104	-0.145363	41.123451	157.322311	0.011570	0.5
105	-0.116573	42.123451	154.830015	0.006488	0.4
106	-0.108852	41.386861	156.658063	0.010915	0.4
107	-0.117423	42.386861	154.186604	0.012015	0.4
108	-0.131157	42.599212	153.671792	0.007130	0.5
109	-0.111580	43.599212	151.292943	0.009966	0.4
110	-0.109899	44.599212	148.986621	0.010503	0.4
111	-0.134760	45.599212	146.749558	0.007475	0.5
112	-0.128964	46.599212	144.578681	0.006360	0.5
113	-0.124679	47.599212	142.471096	0.012560	0.7
114	-0.089036	46.862622	144.017497	0.008258	0.4
115	-0.118920	47.862622	141.926123	0.009634	0.4
116	-0.133920	48.862620	139.894622	0.007755	0.5
117	-0.105104	48.126033	141.385300	0.004695	0.6
118	-0.106138	49.117384	139.386331	0.005015	0.5
119	-0.126503	50.117280	137.426584	0.007398	0.4
120	-0.135668	51.116639	135.522190	0.005636	0.5
121	-0.116129	50.380049	136.920681	0.009376	0.4
122	-0.137573	51.346566	135.091482	0.010037	0.5
123	-0.160075	52.346566	133.249658	0.009020	0.5
124	-0.127263	53.346566	131.457381	0.007731	0.4
125	-0.106437	54.346566	129.712678	0.006490	0.4
126	-0.144956	55.346566	128.013680	0.009719	0.4
127	-0.109405	54.955988	128.671947	0.008951	0.5
128	-0.117501	55.955988	126.999927	0.011519	0.5
129	-0.149041	56.955988	125.370803	0.008396	0.4
130	-0.127494	57.954252	123.785669	0.007062	0.4
131	-0.134164	57.816437	124.002115	0.007242	0.5
132	-0.152685	58.816437	122.448524	0.010255	0.5
133	-0.120591	59.816437	120.933380	0.005912	0.4
134	-0.090434	59.082198	122.042165	0.007571	0.4
135	-0.115647	60.082198	120.536999	0.007964	0.4
136	-0.114453	59.347633	121.638988	0.007258	0.5
137	-0.149811	58.611047	122.764431	0.007298	0.5
138	-0.120158	57.925543	123.830695	0.005990	0.4
139	-0.123693	58.925543	122.281369	0.006334	0.4
140	-0.113191	58.356752	123.157823	0.006085	0.4
141	-0.122944	59.351817	121.632656	0.009637	0.5
142	-0.116028	60.351817	120.137512	0.005730	0.5
143	-0.121287	59.615226	121.235222	0.007733	0.7
144	-0.135004	60.615226	119.749773	0.009298	0.5
145	-0.111705	59.878636	120.840377	0.008213	0.4
146	-0.122031	60.878636	119.364529	0.012570	0.4
147	-0.099476	61.878636	117.924297	0.009731	0.4
148	-0.104034	62.878500	116.518593	0.004982	0.4
149	-0.122097	63.809159	115.239970	0.011271	0.7
150	-0.123649	64.809158	113.896991	0.007492	0.5
151	-0.116231	65.809158	112.584952	0.007597	0.5
152	-0.109629	66.809158	111.302797	0.007012	0.5
153	-0.127502	66.072570	112.244360	0.007204	0.5
154	-0.115015	67.072570	110.969907	0.009055	0.4
155	-0.138590	66.335979	111.905825	0.010809	0.4
156	-0.107790	67.335521	110.639579	0.003949	0.5
157	-0.146153	68.335482	109.401154	0.008251	0.5
158	-0.103474	67.617983	110.286926	0.009324	0.5
159	-0.157811	68.617983	109.056292	0.006330	0.4
160	-0.129639	69.617854	107.852972	0.008376	0.4
161	-0.109917	70.617854	106.675767	0.007561	0.4
162	-0.119337	71.617854	105.523983	0.006797	0.4
163	-0.114401	72.617854	104.396805	0.004185	0.4
164	-0.124859	73.615244	103.296303	0.005623	0.4
165	-0.119462	74.039515	102.835172	0.006589	0.4
166	-0.132102	75.039515	101.764413	0.009520	0.7
167	-0.123736	76.039513	100.715724	0.008198	0.5
168	-0.123411	77.039513	99.688427	0.005609	0.5
169	-0.125327	78.039513	98.681875	0.008569	0.5
170	-0.109709	79.039513	97.695446	0.004335	0.7
171	-0.130037	80.038515	96.729498	0.012339	0.5
172	-0.132934	81.038515	95.781528	0.007395	0.5
173	-0.134140	82.038515	94.851958	0.006651	0.5
174	-0.144449	83.038515	93.940257	0.008826	0.4
175	-0.092354	84.038466	93.045960	0.009073	0.4
176	-0.122934	85.038466	92.168486	0.006040	0.5
177	-0.116617	86.034510	91.310782	0.006727	0.5
178	-0.105658	87.034510	90.465582	0.005331	0.4
179	-0.104830	88.034206	89.636135	0.008831	0.5
180	-0.130196	87.297617	90.245798	0.013517	0.7
181	-0.148122	88.297617	89.420109	0.006297	0.6
182	-0.125387	87.561027	90.026827	0.007048	0.5
183	-0.122729	87.148772	90.370003	0.010774	0.4
184	-0.127850	86.412187	90.989720	0.010143	0.4
185	-0.125895	87.412183	90.150429	0.008622	0.5
186	-0.111637	86.675593	90.767133	0.007404	0.5
187	-0.128291	86.615448	90.817861	0.009115	0.5
188	-0.142702	85.878862	91.443758	0.011833	0.5
189	-0.112390	86.878862	90.596106	0.007210	0.5
190	-0.118921	87.878862	89.764024	0.010771	0.4
191	-0.100614	88.878862	88.947088	0.007773	0.4
192	-0.114973	89.878862	88.144888	0.007923	0.5
193	-0.147510	89.142531	88.734159	0.005796	0.5
194	-0.115291	88.405980	89.331542	0.005940	0.5
195	-0.116404	89.405980	88.522423	0.007480	0.6
196	-0.124319	89.475065	88.467066	0.005867	0.5
197	-0.124921	88.738475	89.060877	0.009217	0.4
198	-0.117038	89.738462	88.256643	0.009875	0.4
199	-0.127394	89.001871	88.847624	0.010779	0.4
200	-0.158249	90.001871	88.047208	0.011634	0.4
201	-0.133254	89.265281	88.635378	0.007817	0.5
202	-0.121491	90.265281	87.838765	0.007312	0.5
203	-0.140397	89.528755	88.424093	0.010645	0.5
204	-0.128221	90.528755	87.631256	0.011467	0.5
205	-0.136301	91.528755	86.852511	0.007455	0.7
206	-0.139113	92.528755	86.087484	0.009161	0.5
207	-0.096496	93.528755	85.335817	0.007719	0.4
208	-0.140296	94.528666	84.597227	0.006151	0.4
209	-0.133771	95.282823	84.048569	0.009120	0.5
210	-0.106018	94.551341	84.580627	0.006299	0.5
211	-0.132424	93.814752	85.123250	0.013254	0.4
212	-0.107919	94.814752	84.388255	0.004499	0.4
213	-0.127638	95.814752	83.665844	0.006498	0.7
214	-0.101784	95.078162	84.196758	0.009642	0.5
215	-0.142721	96.078162	83.477608	0.008246	0.5
216	-0.115019	97.078162	82.770639	0.008214	0.5
217	-0.114562	98.078162	82.075543	0.008095	0.6
218	-0.114620	99.078162	81.392026	0.008243	0.5
219	-0.113397	100.078162	80.719799	0.003986	0.6
220	-0.095467	99.342609	81.213171	0.006341	0.5
221	-0.113368	99.329720	81.221870	0.004995	0.5
222	-0.143211	98.593130	81.722126	0.008802	0.5
223	-0.113715	99.593130	81.044458	0.006970	0.4
224	-0.128390	98.856540	81.542525	0.008241	0.4
225	-0.101332	98.119949	82.046751	0.008961	0.5
226	-0.125812	99.119949	81.363711	0.005768	0.5
227	-0.122123	98.383359	81.865722	0.006933	0.5
228	-0.135238	99.383258	81.185748	0.006197	0.5
229	-0.134101	98.646668	81.685558	0.006560	0.5
230	-0.142047	99.646668	81.008494	0.012139	0.4
231	-0.107176	98.910077	81.506118	0.007171	0.4
232	-0.121791	99.910074	80.832014	0.007657	0.4
233	-0.134210	99.173484	81.327465	0.008177	0.5
234	-0.137307	98.437066	81.828910	0.009851	0.4
235	-0.141184	99.437066	81.149477	0.010159	0.4
236	-0.102948	100.437066	80.481234	0.009918	0.4
237	-0.119960	99.700475	80.972381	0.017772	0.5
238	-0.138511	100.700475	80.307039	0.009112	0.5
239	-0.128448	99.963885	80.796056	0.007978	0.4
240	-0.129348	100.963885	80.133597	0.008755	0.4
241	-0.117244	101.963885	79.481913	0.006986	0.4
242	-0.117257	101.227295	79.960903	0.006769	0.4
243	-0.122054	102.227295	79.312013	0.006443	0.4
244	-0.147323	103.227278	78.673581	0.010325	0.5
245	-0.141865	102.491009	79.142643	0.004334	0.5
246	-0.137884	103.491009	78.506913	0.017890	0.7
247	-0.123071	104.479130	77.888689	0.005535	0.6
248	-0.115466	105.479130	77.272866	0.009118	0.5
249	-0.121531	106.479129	76.666705	0.006804	0.5
250	-0.125572	105.746550	77.109829	0.011742	0.6
251	-0.096692	106.746550	76.506214	0.005905	0.5
252	-0.133949	107.746550	75.911975	0.004473	0.4
253	-0.109588	107.011905	76.347625	0.005711	0.4
254	-0.143918	106.589995	76.600088	0.008501	0.5
255	-0.112276	105.853483	77.044828	0.006090	0.4
256	-0.133627	106.853481	76.442227	0.008452	0.4
257	-0.100853	106.310802	76.768072	0.003724	0.4
258	-0.137817	107.288327	76.183119	0.006234	0.5
259	-0.119227	106.551738	76.623063	0.006410	0.5
260	-0.103508	107.551535	76.027135	0.008579	0.4
261	-0.113934	108.551535	75.440286	0.006267	0.4
262	-0.123342	109.543144	74.867240	0.006493	0.5
263	-0.158136	108.806553	75.292076	0.008148	0.5
264	-0.134076	109.806464	74.716528	0.006049	0.4
265	-0.110594	109.069874	75.139650	0.005288	0.4
266	-0.124979	110.069861	74.566378	0.007052	0.7
267	-0.138437	109.551208	74.862615	0.011256	0.5
268	-0.132282	108.814618	75.287398	0.007902	0.4
269	-0.136510	109.814618	74.711871	0.005402	0.5
270	-0.109203	110.523430	74.309230	0.011128	0.7
271	-0.151499	111.523421	73.748510	0.007700	0.5
272	-0.119898	112.523421	73.196184	0.010461	0.6
273	-0.121868	111.927828	73.524145	0.002667	0.5
274	-0.125479	111.872479	73.554772	0.009311	0.5
275	-0.126294	112.467228	73.227001	0.006998	0.4
276	-0.126697	113.467228	72.682430	0.006473	0.4
277	-0.105921	114.415898	72.173246	0.006727	0.5
278	-0.130911	115.415897	71.644178	0.007302	0.6
279	-0.151297	116.415897	71.122811	0.009115	0.5
280	-0.138010	117.415897	70.608977	0.004121	0.5
281	-0.115838	118.399874	70.110571	0.009143	0.5
282	-0.120534	117.663289	70.483002	0.008770	0.4
283	-0.127563	118.663289	69.978338	0.008918	0.4
284	-0.100404	117.926698	70.349364	0.006656	0.4
285	-0.123075	118.926698	69.846605	0.007778	0.4
286	-0.130234	119.923417	69.352596	0.010289	0.4
287	-0.135392	120.923417	68.863934	0.007515	0.4
288	-0.114769	121.923417	68.382110	0.007831	0.4
289	-0.128152	121.186827	68.736359	0.004163	0.4
290	-0.135928	120.450240	69.094297	0.012406	0.4
291	-0.105670	119.713650	69.455983	0.004564	0.5
292	-0.095742	120.713095	68.966138	0.010223	0.4
293	-0.099641	119.976505	69.326480	0.006451	0.5
294	-0.130430	119.239915	69.690608	0.005664	0.4
295	-0.109010	118.975251	69.822378	0.006620	0.4
296	-0.118204	118.982509	69.818758	0.008447	0.4
297	-0.126556	119.982509	69.323528	0.006646	0.7
298	-0.120739	120.846392	68.901329	0.010494	0.5
299	-0.129587	120.109801	69.260992	0.010901	0.4
300	-0.110157	121.109801	68.773616	0.006159	0.5
301	-0.120761	122.078070	68.308196	0.005878	0.4
302	-0.103054	121.504418	68.583171	0.006851	0.5
303	-0.140468	122.504418	68.105254	0.009254	0.5
304	-0.120844	121.767828	68.456633	0.009976	0.4
305	-0.128683	122.767828	67.980472	0.009342	0.4
306	-0.123756	123.767827	67.510890	0.008472	0.4
307	-0.130614	124.767827	67.047750	0.005735	0.5
308	-0.149277	124.031237	67.388275	0.006793	0.6
309	-0.137810	123.554973	67.610299	0.007369	0.9
310	-0.126808	122.818382	67.956576	0.008583	0.7
311	-0.096001	123.818382	67.487322	0.006133	0.5
312	-0.107641	124.818382	67.024505	0.006773	0.5
313	-0.118020	125.619071	66.658483	0.007951	0.5
314	-0.134870	126.526998	66.248246	0.007348	0.5
315	-0.128280	125.790430	66.580668	0.003816	0.5
316	-0.120398	125.352767	66.779775	0.006239	0.5
317	-0.129795	125.373881	66.770142	0.004273	0.5
318	-0.122391	126.076403	66.451210	0.005119	0.5
319	-0.105636	126.559783	66.233527	0.004983	0.5
320	-0.112318	126.237852	66.378345	0.003218	0.5
321	-0.099341	125.503217	66.711196	0.006015	0.7
322	-0.120685	126.482735	66.268129	0.007138	0.6
323	-0.118453	127.482735	65.821827	0.009333	0.5
324	-0.130296	127.611804	65.764661	0.010301	0.5
325	-0.143517	128.611804	65.325092	0.009272	0.5
326	-0.120650	127.875214	65.648301	0.003683	0.5
327	-0.118133	128.875214	65.210281	0.005507	0.5
328	-0.119948	128.139501	65.531967	0.009554	0.4
329	-0.136674	127.402911	65.857232	0.010601	0.5
330	-0.166204	128.401584	65.417010	0.012975	0.5
331	-0.128594	129.401584	64.982061	0.010457	0.5
332	-0.144421	130.401584	64.552858	0.007097	0.5
333	-0.126570	131.401584	64.129287	0.009840	0.4
334	-0.123399	130.664993	64.440743	0.007017	0.5
335	-0.120414	131.664981	64.018643	0.007058	0.5
336	-0.112523	132.450188	63.691058	0.006343	0.5
337	-0.133770	133.251919	63.360021	0.006316	0.5
338	-0.122651	132.515339	63.664028	0.005298	0.4
339	-0.117733	133.515339	63.252004	0.007300	0.6
340	-0.133343	132.779843	63.554525	0.008944	0.7
341	-0.120966	132.043253	63.860410	0.007136	0.5
342	-0.116567	133.043253	63.445848	0.005183	0.5
343	-0.120885	132.306667	63.750684	0.005477	0.5
344	-0.123508	131.810594	63.957639	0.006348	0.5
345	-0.125016	132.810593	63.541819	0.008444	0.5
346	-0.123589	133.810593	63.131370	0.008178	0.5
347	-0.116303	134.810593	62.726190	0.006150	0.5
348	-0.141787	134.074003	63.024135	0.010286	0.5
349	-0.131244	133.599851	63.217427	0.008674	0.4
350	-0.126040	134.599851	62.811145	0.009117	0.5
351	-0.120190	135.414478	62.484017	0.007451	0.5
352	-0.106241	134.677887	62.779660	0.007147	0.4
353	-0.117245	134.833928	62.716797	0.008793	0.4
354	-0.135795	135.833928	62.316904	0.005585	0.4
355	-0.117860	136.833928	61.922079	0.006186	0.4
356	-0.118478	136.127328	62.200541	0.006827	0.5
357	-0.137354	135.390738	62.493502	0.007377	0.4
358	-0.135287	136.074421	62.221492	0.005849	0.4
359	-0.141023	137.050194	61.837348	0.007148	0.4
360	-0.124301	136.313604	62.126889	0.007162	0.4
361	-0.137863	135.577054	62.419139	0.009055	0.4
362	-0.119134	136.574060	62.024199	0.010366	0.4
363	-0.124325	135.837470	62.315497	0.006638	0.4
364	-0.131059	136.837470	61.920689	0.010598	0.7
365	-0.140549	137.837470	61.530852	0.008687	0.4
366	-0.116284	138.836544	61.146247	0.006698	0.4
367	-0.123358	138.099954	61.429338	0.007083	0.4
368	-0.093926	138.890290	61.125694	0.004653	0.5
369	-0.133847	139.890290	60.745772	0.008791	0.4
370	-0.139104	140.502572	60.515475	0.010940	0.4
371	-0.132285	141.502572	60.143078	0.004080	0.7
372	-0.112659	142.502572	59.775236	0.006224	0.8
373	-0.117068	143.435963	59.435933	0.007999	0.4
374	-0.124715	142.699373	59.703374	0.009082	0.4
375	-0.111338	143.699373	59.340875	0.011296	0.4
376	-0.130142	142.962783	59.607459	0.005973	0.5
377	-0.115778	143.962342	59.246278	0.005931	0.4
378	-0.104037	144.953160	58.892551	0.008445	0.4
379	-0.123399	145.953159	58.539802	0.007895	0.4
380	-0.129527	145.216569	58.799221	0.005319	0.5
381	-0.113561	146.216488	58.447615	0.005620	0.4
382	-0.118533	145.506118	58.696971	0.007672	0.4
383	-0.138588	146.506118	58.346554	0.012234	0.4
384	-0.136697	147.506118	58.000297	0.008040	0.5
385	-0.136381	146.769528	58.254946	0.009025	0.4
386	-0.131654	146.032938	58.511842	0.007206	0.4
387	-0.118032	145.296348	58.771013	0.006177	0.4
388	-0.107839	144.559758	59.032491	0.007365	0.4
389	-0.105280	143.823168	59.296305	0.008531	0.5
390	-0.132020	144.823168	58.938718	0.003871	0.4
391	-0.134803	145.823168	58.585417	0.012656	0.4
392	-0.104710	146.823168	58.236327	0.008696	0.4
393	-0.151112	147.823168	57.891372	0.006176	0.5
394	-0.128561	147.332551	58.060101	0.008579	0.5
395	-0.126366	148.323517	57.720304	0.006915	0.5
396	-0.137273	147.586926	57.972496	0.007644	0.4
397	-0.114073	146.850336	58.226901	0.011128	0.7
398	-0.129500	147.850336	57.882057	0.009720	0.4
399	-0.134649	148.850336	57.541275	0.008340	0.4
400	-0.133831	149.850336	57.204481	0.007959	0.4
401	-0.125154	149.113746	57.452176	0.007362	0.5
402	-0.104282	148.377285	57.701981	0.005577	0.7
403	-0.126399	149.309068	57.386286	0.005037	0.6
404	-0.129661	148.573641	57.635166	0.012962	0.5
405	-0.132224	148.627672	57.616807	0.009021	0.6
406	-0.110318	148.864082	57.536618	0.009742	0.5
407	-0.136259	149.864082	57.199879	0.012564	0.5
408	-0.108296	150.864082	56.867059	0.007617	0.4
409	-0.154259	151.863655	56.538229	0.019601	0.4
410	-0.134269	152.863655	56.213042	0.010935	0.4
411	-0.101806	153.863655	55.891574	0.005630	0.4
412	-0.135518	153.145870	56.121945	0.008594	0.4
413	-0.117664	154.145870	55.801515	0.010167	0.4
414	-0.139572	155.145870	55.484723	0.008860	0.4
415	-0.120044	154.409280	55.717718	0.007620	0.4
416	-0.114992	155.393489	55.406835	0.009306	0.4
417	-0.118975	156.393489	55.094496	0.010612	0.5
418	-0.120221	157.393489	54.785659	0.006936	0.5
419	-0.132209	158.393489	54.480265	0.004108	0.4
420	-0.108961	159.392146	54.178661	0.006747	0.4
421	-0.125497	160.233026	53.927284	0.008044	0.4
422	-0.143727	161.233026	53.631359	0.008418	0.4
423	-0.156183	160.522814	53.841193	0.006297	0.4
424	-0.114338	159.855530	54.039845	0.006749	0.4
425	-0.130901	160.387901	53.881239	0.008702	0.5
426	-0.122129	159.654496	54.099981	0.012210	0.6
427	-0.106075	158.917906	54.321469	0.009603	0.5
428	-0.118535	159.917906	54.021214	0.007781	0.5
429	-0.118147	159.181316	54.242055	0.008500	0.4
430	-0.132671	158.444725	54.464710	0.008140	0.4
431	-0.117068	157.708135	54.689200	0.011560	0.4
432	-0.114177	158.708135	54.384877	0.007741	0.4
433	-0.105815	159.708135	54.083923	0.011131	0.4
434	-0.129662	160.707797	53.786381	0.012885	0.4
435	-0.129729	159.971207	54.005303	0.008986	0.4
436	-0.140232	160.904320	53.728272	0.008689	0.4
437	-0.124055	161.904320	53.434522	0.008560	1.0
438	-0.120929	162.904320	53.143966	0.003439	0.5
439	-0.135731	163.904249	52.856572	0.007520	0.5
440	-0.118649	163.181446	53.064003	0.004545	0.5
441	-0.121183	162.444856	53.277072	0.005766	0.5
442	-0.125594	161.712745	53.490548	0.009797	0.4
443	-0.128127	162.712745	53.199384	0.005238	0.4
444	-0.106153	161.976155	53.413544	0.010022	0.4
445	-0.128277	162.976155	53.123215	0.007175	0.5
446	-0.126868	162.239565	53.336761	0.005655	0.4
447	-0.121046	161.502975	53.552030	0.007605	0.4
448	-0.122149	162.502971	53.260200	0.007707	0.4
449	-0.109386	161.766381	53.474850	0.008653	0.4
450	-0.141063	162.766105	53.183937	0.010406	0.5
451	-0.122452	163.766105	52.896092	0.007052	0.5
452	-0.125019	164.766105	52.611346	0.007049	0.5
453	-0.113524	164.029534	52.820783	0.009951	0.5
454	-0.120202	163.292943	53.031900	0.012063	0.5
455	-0.126981	164.292943	52.745694	0.008273	0.6
456	-0.151869	163.556353	52.956209	0.009239	0.4
457	-0.114728	164.556346	52.670820	0.007578	0.4
458	-0.118524	163.819755	52.880737	0.012792	0.5
459	-0.115460	163.529481	52.963921	0.009195	0.5
460	-0.147091	164.529481	52.678447	0.012953	0.5
461	-0.120504	165.524873	52.397328	0.007230	0.5
462	-0.102618	166.524873	52.117912	0.008489	0.7
463	-0.098144	167.524873	51.841461	0.009435	0.4
464	-0.118239	166.788283	52.044807	0.004993	0.4
465	-0.145662	167.788283	51.769128	0.011902	0.4
466	-0.121519	168.529765	51.566596	0.006315	0.5
467	-0.128630	167.831290	51.757338	0.005365	0.4
468	-0.108259	167.094700	51.960023	0.005871	0.4
469	-0.130304	167.709879	51.790637	0.010283	0.7
470	-0.126477	168.709879	51.517638	0.008007	0.8
471	-0.133674	167.973489	51.718391	0.010229	0.5
472	-0.099039	168.929434	51.458085	0.008767	0.6
473	-0.121552	168.192844	51.658428	0.012220	0.5
474	-0.114559	169.192844	51.386817	0.006439	0.4
475	-0.139310	170.192844	51.118048	0.009299	0.4
476	-0.111790	171.182332	50.854856	0.005614	0.4
477	-0.141117	172.182332	50.591608	0.007973	0.4
478	-0.155749	173.180324	50.331592	0.008965	0.6
479	-0.136112	172.443734	50.523244	0.009581	0.5
480	-0.106025	173.123290	50.346380	0.007535	0.6
481	-0.115948	172.386700	50.538144	0.004610	0.6
482	-0.117866	173.386699	50.278156	0.007431	0.5
483	-0.078124	174.332844	50.034621	0.004719	0.4
484	-0.095633	173.885460	50.149482	0.009641	0.4
485	-0.115706	173.148870	50.339746	0.006508	0.6
486	-0.138730	174.148870	50.081791	0.005260	0.5
487	-0.100649	174.946604	49.877899	0.008058	0.5
488	-0.125901	174.246004	50.056875	0.007567	0.4
489	-0.132804	175.246002	49.801804	0.004888	0.4
490	-0.117686	175.389699	49.765364	0.006424	0.4
491	-0.135895	176.389699	49.513247	0.006247	0.4
492	-0.094927	175.653109	49.698705	0.008678	0.4
493	-0.134421	176.653109	49.447261	0.007394	0.4
494	-0.115939	175.916519	49.632224	0.012058	0.4
495	-0.120752	175.179929	49.818577	0.010566	0.5
496	-0.121041	176.179929	49.565921	0.005883	0.4
497	-0.118456	177.179929	49.315816	0.004375	0.4
498	-0.151982	176.446640	49.498968	0.008280	0.5
499	-0.134521	177.446640	49.249536	0.008038	0.5
500	-0.119264	178.446640	49.002605	0.007565	0.4
501	-0.133441	179.446640	48.758138	0.006442	0.5
502	-0.129586	180.441565	48.517320	0.004972	0.5
503	-0.118425	179.704976	48.695379	0.006404	0.6
504	-0.123680	180.704973	48.453961	0.009165	0.5
505	-0.120938	179.968383	48.631554	0.007241	0.4
506	-0.115004	180.968381	48.390767	0.008816	0.5
507	-0.117374	181.968203	48.152394	0.007182	0.4
508	-0.120345	182.968203	47.916316	0.007579	0.5
509	-0.137594	183.968203	47.682542	0.008494	0.4
510	-0.106005	183.231613	47.854515	0.007212	0.4
511	-0.096420	184.231007	47.621483	0.005324	0.4
512	-0.108563	185.220354	47.393018	0.004552	0.4
513	-0.113287	186.114178	47.188488	0.008475	0.4
514	-0.105366	187.114178	46.961745	0.007366	0.4
515	-0.100080	188.114178	46.737170	0.006559	0.4
516	-0.140545	189.114178	46.514733	0.009924	0.5
517	-0.140539	190.114178	46.294403	0.006346	0.5
518	-0.113077	191.114178	46.076151	0.004751	0.5
519	-0.115403	190.377589	46.236713	0.007735	0.4
520	-0.113309	189.645905	46.397317	0.007895	0.4
521	-0.123342	190.645905	46.178096	0.007640	0.4
522	-0.127770	191.645905	45.960936	0.007789	0.4
523	-0.102311	190.909315	46.120695	0.006773	0.4
524	-0.143174	191.909315	45.904074	0.008132	0.5
525	-0.124828	192.909315	45.689478	0.007054	0.4
526	-0.120301	192.172725	45.847352	0.007564	0.4
527	-0.139829	191.741364	45.940313	0.011789	0.4
528	-0.130342	191.004774	46.099928	0.008409	0.4
529	-0.144031	192.004774	45.883502	0.007360	0.5
530	-0.106639	193.004676	45.669118	0.005856	0.4
531	-0.137329	192.279696	45.824357	0.006890	0.4
532	-0.118364	191.544996	45.982757	0.005873	0.4
533	-0.142910	190.808409	46.142667	0.009125	0.4
534	-0.116886	191.808409	45.925840	0.006167	0.5
535	-0.133014	192.808409	45.711041	0.007294	0.4
536	-0.124560	193.808409	45.498241	0.010417	0.4
537	-0.115220	194.808409	45.287414	0.006153	0.6
538	-0.149304	194.071820	45.442517	0.008351	0.6
539	-0.144669	194.949742	45.257775	0.008883	0.5
540	-0.132068	194.213152	45.412675	0.009513	0.4
541	-0.133656	193.483191	45.567230	0.005926	0.5
542	-0.121718	192.746603	45.724258	0.010540	0.5
543	-0.117705	193.746603	45.511336	0.004522	0.5
544	-0.117467	194.746140	45.300485	0.005647	0.4
545	-0.094788	195.746111	45.091489	0.007234	0.5
546	-0.118480	196.746111	44.884406	0.005461	0.4
547	-0.128620	196.009527	45.036755	0.006173	0.4
548	-0.132829	196.161693	45.005197	0.005357	0.6
549	-0.148843	197.161693	44.798905	0.006086	0.4
550	-0.114981	198.161673	44.594498	0.006643	0.5
551	-0.091672	199.131612	44.398007	0.005773	0.4
552	-0.116980	200.128755	44.197802	0.006447	0.4
553	-0.096200	201.128755	43.998828	0.008553	0.4
554	-0.128131	200.392819	44.145085	0.006434	0.5
555	-0.111464	201.392819	43.946585	0.011921	0.4
556	-0.122242	200.656229	44.092624	0.007530	0.4
557	-0.121349	201.656229	43.894594	0.005134	0.4
558	-0.099539	202.647297	43.700080	0.007086	0.5
559	-0.107743	201.910950	43.844436	0.010548	0.5
560	-0.134023	201.331213	43.958762	0.012537	0.4
561	-0.115330	200.594622	44.104883	0.008755	0.5
562	-0.122568	201.594622	43.906743	0.007840	0.4
563	-0.132851	200.858035	44.052517	0.007650	0.5
564	-0.167247	201.856655	43.855118	0.005799	0.6
565	-0.126638	202.856645	43.659213	0.005193	0.4
566	-0.124372	202.120059	43.803345	0.008767	0.4
567	-0.119147	203.006926	43.629923	0.003508	0.5
568	-0.167865	202.270336	43.773862	0.013540	0.5
569	-0.136631	203.270336	43.578678	0.006835	0.4
570	-0.133783	202.533746	43.722279	0.007439	0.8
571	-0.114415	201.797156	43.866830	0.005832	0.5
572	-0.134260	201.060566	44.012339	0.009194	0.5
573	-0.159072	200.323976	44.158817	0.007063	0.4
574	-0.128007	201.323976	43.960193	0.007519	0.5
575	-0.120470	202.318224	43.764475	0.008533	0.5
576	-0.147323	202.719263	43.686023	0.009389	0.4
577	-0.134708	203.719263	43.491620	0.005802	0.4
578	-0.122237	204.719201	43.298952	0.006075	0.4
579	-0.129246	203.982611	43.440712	0.008334	0.5
580	-0.146416	204.982611	43.248482	0.012874	0.5
581	-0.108311	205.982611	43.057945	0.007724	0.4
582	-0.104405	206.982611	42.869080	0.006644	0.4
583	-0.137008	207.982611	42.681865	0.006289	0.4
584	-0.098202	208.982611	42.496278	0.007743	0.5
585	-0.120844	209.979777	42.312816	0.006649	0.4
586	-0.110998	209.243187	42.448183	0.004365	0.4
587	-0.112539	210.243179	42.264619	0.010439	0.4
588	-0.117139	211.243143	42.082641	0.006970	0.6
589	-0.115535	212.243143	41.902217	0.006305	0.4
590	-0.145549	211.506589	42.034959	0.009087	0.4
591	-0.125987	212.506589	41.854943	0.004986	0.5
592	-0.126896	213.506586	41.676462	0.010714	0.4
593	-0.115293	214.506378	41.499534	0.007296	0.4
594	-0.116994	215.506378	41.324065	0.007594	0.4
595	-0.147675	216.320795	41.182252	0.011954	0.5
596	-0.096331	217.320795	41.009451	0.007276	0.5
597	-0.114932	218.320795	40.838093	0.006857	0.4
598	-0.130780	217.584204	40.964174	0.006132	0.5
599	-0.110440	216.875076	41.086292	0.006483	0.5
600	-0.146751	217.875076	40.914293	0.008396	0.5
601	-0.116476	218.875076	40.743728	0.008067	0.4
602	-0.111074	218.342559	40.834379	0.011432	0.4
603	-0.118386	219.342559	40.664479	0.006155	0.6
604	-0.129704	220.342559	40.495986	0.005837	0.7
605	-0.134093	219.606190	40.619923	0.007518	0.5
606	-0.127208	220.605597	40.451898	0.008998	0.5
607	-0.114599	221.605595	40.285159	0.004664	0.5
608	-0.114440	222.605595	40.119788	0.007421	0.4
609	-0.153853	221.869181	40.241437	0.006400	0.5
610	-0.134632	221.202958	40.352128	0.008846	0.5
611	-0.111416	222.202958	40.186209	0.007164	0.5
612	-0.125577	223.202695	40.021691	0.008089	0.5
613	-0.144848	222.466107	40.142774	0.005967	0.4
614	-0.120532	223.466101	39.978569	0.008965	0.5
615	-0.153089	222.734424	40.098582	0.010688	0.5
616	-0.088523	223.734424	39.934737	0.006598	0.5
617	-0.135420	222.997833	40.055294	0.005016	0.4
618	-0.138357	223.996742	39.891979	0.006481	0.4
619	-0.134835	224.996742	39.729814	0.009964	0.4
620	-0.108897	224.260152	39.849135	0.005413	0.5
621	-0.127099	225.260152	39.687318	0.009581	0.5
622	-0.137086	226.259962	39.526840	0.007570	0.4
623	-0.149225	225.523372	39.644942	0.007687	0.5
624	-0.120695	226.454357	39.495788	0.008573	0.5
625	-0.099504	227.454357	39.336822	0.005541	0.5
626	-0.121840	226.717807	39.453784	0.008302	0.4
627	-0.114872	227.632328	39.308665	0.010768	0.4
628	-0.104857	226.895738	39.425466	0.006495	0.4
629	-0.140230	226.159148	39.542962	0.006387	0.4
630	-0.154819	227.159148	39.383617	0.007793	0.4
631	-0.133046	228.159148	39.225551	0.007415	0.5
632	-0.139861	227.422557	39.341858	0.004826	0.5
633	-0.105778	226.685967	39.458856	0.008950	0.4
634	-0.133335	225.949377	39.576552	0.009773	0.5
635	-0.112055	226.949377	39.416937	0.011189	0.4
636	-0.118973	226.212792	39.534382	0.005238	0.7
637	-0.127836	227.211006	39.375389	0.008549	0.6
638	-0.132291	226.474416	39.492587	0.007905	0.5
639	-0.116450	227.470676	39.334239	0.012891	0.5
640	-0.117140	228.470676	39.176568	0.011404	0.5
641	-0.118196	227.734086	39.292584	0.008010	0.5
642	-0.094019	228.734086	39.135246	0.008906	0.5
643	-0.135206	227.997496	39.251017	0.005935	0.6
644	-0.123116	228.997496	39.094011	0.008593	0.6
645	-0.117714	228.260915	39.209536	0.007368	0.5
646	-0.156026	227.524326	39.325747	0.007354	0.4
647	-0.112868	228.524255	39.168156	0.008402	0.4
648	-0.121906	227.787665	39.284122	0.007734	0.4
649	-0.134695	227.053937	39.400321	0.008136	0.5
650	-0.131766	226.317347	39.517668	0.010233	0.4
651	-0.146782	225.580757	39.635716	0.013450	0.4
652	-0.125690	226.580757	39.475624	0.006906	0.4
653	-0.130363	225.844166	39.593420	0.007167	0.4
654	-0.131214	225.119800	39.709950	0.007319	0.4
655	-0.120328	224.383210	39.829151	0.005324	0.5
656	-0.104045	223.646620	39.949070	0.005179	0.4
657	-0.136989	223.948725	39.899799	0.007516	0.4
658	-0.101198	224.268280	39.847814	0.007450	0.4
659	-0.124720	225.268280	39.686008	0.006409	0.4
660	-0.135233	224.654472	39.785170	0.007376	0.7
661	-0.125678	225.654472	39.623871	0.013341	0.4
662	-0.121005	226.654472	39.463874	0.006211	0.5
663	-0.135161	227.654472	39.305164	0.006452	0.4
664	-0.122933	226.917934	39.421936	0.005777	0.4
665	-0.108341	227.917932	39.263563	0.006318	0.5
666	-0.144979	228.323903	39.199630	0.010345	0.5
667	-0.124378	229.323791	39.043052	0.010770	0.9
668	-0.129053	230.323788	38.887703	0.007727	0.6
669	-0.136390	231.323788	38.733585	0.007281	0.6
670	-0.113438	232.323788	38.580683	0.007210	0.5
671	-0.116473	233.323788	38.428984	0.005682	0.5
672	-0.156800	234.323720	38.278484	0.012063	0.6
673	-0.130494	235.323720	38.129147	0.006981	0.4
674	-0.112484	236.323720	37.980971	0.007927	0.4
675	-0.120842	237.323720	37.833943	0.009247	0.4
676	-0.104600	236.587130	37.942132	0.006478	0.5
677	-0.113871	237.587130	37.795403	0.009180	0.5
678	-0.110407	238.587129	37.649805	0.009428	0.4
679	-0.139362	239.587129	37.505325	0.011922	0.4
680	-0.096840	240.587129	37.361949	0.007741	0.4
681	-0.098166	239.853873	37.466972	0.007068	0.5
682	-0.109794	240.853873	37.323889	0.007497	0.4
683	-0.128510	240.132885	37.426940	0.007007	0.4
684	-0.112822	239.413829	37.530284	0.004733	0.4
685	-0.128054	238.732229	37.628772	0.005680	0.5
686	-0.142956	239.675308	37.492638	0.006676	0.5
687	-0.119606	240.315900	37.400728	0.007002	0.4
688	-0.144733	239.579310	37.506450	0.007297	0.4
689	-0.110180	240.579310	37.363065	0.008472	0.4
690	-0.130816	239.842724	37.468574	0.005782	0.5
691	-0.106563	239.106379	37.574645	0.008774	0.5
692	-0.099248	240.099752	37.431690	0.009160	0.4
693	-0.110374	239.364190	37.537439	0.008001	0.8
694	-0.117417	240.364190	37.393818	0.010100	0.4
695	-0.107262	239.627600	37.499501	0.005429	0.4
696	-0.132986	240.627595	37.356170	0.005378	0.4
697	-0.166667	241.627422	37.213954	0.007803	0.4
698	-0.119004	242.627268	37.072815	0.009823	0.5
699	-0.122065	243.627268	36.932720	0.010713	0.4
700	-0.089773	244.627268	36.793681	0.005656	1.0
701	-0.120701	245.627268	36.655684	0.007845	0.5
702	-0.135828	244.890678	36.757230	0.005293	0.5
703	-0.143018	245.820430	36.629147	0.005434	0.4
704	-0.130131	246.820427	36.492380	0.009230	0.5
705	-0.133561	247.820426	36.356630	0.008912	0.4
706	-0.116756	248.820426	36.221887	0.009952	0.4
707	-0.105166	249.820426	36.088138	0.007296	0.4
708	-0.126131	249.083836	36.186560	0.010955	0.4
709	-0.146450	250.083828	36.053072	0.006707	0.5
710	-0.134112	251.083828	35.920565	0.009782	0.5
711	-0.142871	252.083724	35.789042	0.010196	0.4
712	-0.107983	251.347134	35.885837	0.007870	0.4
713	-0.113654	252.347134	35.754554	0.008367	0.5
714	-0.101853	253.347134	35.624228	0.005225	0.4
715	-0.145230	252.779206	35.698127	0.006179	0.4
716	-0.124831	252.042616	35.794430	0.006530	0.4
717	-0.114160	253.042616	35.663814	0.007890	0.4
718	-0.111946	254.042615	35.534148	0.009443	0.4
719	-0.123519	253.306025	35.629567	0.005195	0.4
720	-0.106610	254.300553	35.500855	0.004885	0.5
721	-0.144252	254.908771	35.422596	0.004224	0.5
722	-0.122740	255.907315	35.294860	0.006281	0.5
723	-0.141026	255.562549	35.338859	0.008288	0.6
724	-0.107174	254.825958	35.433231	0.009194	0.4
725	-0.114380	255.825958	35.305233	0.007092	0.5
726	-0.123074	256.825958	35.178156	0.007333	0.4
727	-0.125877	256.089457	35.271659	0.006950	0.5
728	-0.131230	257.089447	35.144825	0.008697	0.5
729	-0.119404	256.352857	35.238162	0.006299	0.5
730	-0.142170	257.352857	35.111567	0.004829	0.5
731	-0.104567	256.616563	35.204689	0.006006	0.5
732	-0.126933	255.879987	35.298343	0.008680	0.5
733	-0.097488	255.143397	35.392499	0.005769	0.7
734	-0.124692	254.457898	35.480576	0.006351	0.5
735	-0.123086	255.449869	35.353263	0.008468	0.5
736	-0.102917	256.449869	35.225841	0.008204	0.5
737	-0.110210	257.449869	35.099334	0.005375	0.5
738	-0.151030	256.713279	35.192429	0.007979	0.5
739	-0.141561	255.976689	35.286020	0.010544	0.5
740	-0.112919	256.976688	35.159081	0.007504	0.4
741	-0.117997	256.260348	35.249919	0.005062	0.4
742	-0.130597	257.242182	35.125533	0.009211	0.4
743	-0.118721	258.241908	34.999778	0.005137	0.5
744	-0.135695	259.241908	34.874887	0.004888	0.4
745	-0.113553	258.505318	34.966794	0.005414	0.4
746	-0.120899	257.936950	35.038043	0.008142	0.5
747	-0.095277	257.200359	35.130813	0.004410	0.4
748	-0.128577	256.463808	35.224071	0.011194	0.4
749	-0.116717	256.423013	35.229251	0.008088	0.5
750	-0.121694	257.423013	35.102719	0.004725	0.5
751	-0.116461	258.423013	34.977094	0.008343	0.5
752	-0.108298	257.689004	35.069216	0.011774	0.4
753	-0.120333	256.952414	35.162151	0.009007	0.5
754	-0.087249	256.215916	35.255569	0.005036	0.5
755	-0.139266	257.215916	35.128849	0.011743	0.4
756	-0.109812	258.215916	35.003036	0.007703	0.4
757	-0.125161	259.215916	34.878122	0.008811	0.8
758	-0.129904	258.905223	34.916836	0.008802	0.5
759	-0.114499	258.168633	35.008965	0.004329	0.5
760	-0.123700	257.432042	35.101581	0.009836	0.5
761	-0.138064	256.695523	35.194679	0.007621	0.5
762	-0.150658	257.695523	35.068396	0.009905	0.5
763	-0.117018	258.695523	34.943015	0.007453	0.5
764	-0.108961	259.695523	34.818528	0.004336	0.5
765	-0.130243	258.958940	34.910137	0.008956	0.6
766	-0.118429	258.222350	35.002230	0.007220	0.5
767	-0.128685	257.485777	35.094808	0.009866	0.5
768	-0.117063	258.485777	34.969239	0.005049	0.5
769	-0.107583	258.314030	34.990741	0.007514	0.5
770	-0.124422	259.313932	34.865926	0.012615	0.5
771	-0.130282	260.313932	34.741987	0.006708	0.6
772	-0.133142	261.313932	34.618925	0.006047	0.6
773	-0.126378	260.577342	34.709486	0.004720	0.5
774	-0.131886	259.842326	34.800327	0.007755	0.5
775	-0.120673	260.842326	34.676853	0.007179	0.5
776	-0.155154	260.105736	34.767718	0.010469	0.4
777	-0.116873	259.369146	34.859060	0.009726	0.5
778	-0.116494	258.786077	34.931706	0.005367	0.5
779	-0.126768	258.546355	34.961661	0.007711	0.4
780	-0.136807	259.546337	34.837043	0.007021	0.5
781	-0.130054	260.546336	34.713309	0.006697	0.5
782	-0.091933	261.482508	34.598266	0.008847	0.5
783	-0.141051	260.752925	34.687856	0.007558	0.5
784	-0.125622	261.752917	34.565178	0.011445	0.5
785	-0.109515	262.752917	34.443364	0.006431	0.5
786	-0.104695	263.752917	34.322405	0.007472	0.5
787	-0.139750	263.016695	34.411375	0.013497	0.8
788	-0.146554	262.280105	34.500852	0.011163	0.6
789	-0.113212	263.280105	34.379489	0.011051	0.5
790	-0.119358	262.543515	34.468801	0.006334	0.6
791	-0.118724	263.263112	34.381545	0.003619	0.6
792	-0.120329	262.999345	34.413477	0.005092	0.5
793	-0.130984	263.999288	34.292734	0.010031	0.5
794	-0.124014	264.999288	34.172829	0.009115	0.5
795	-0.128087	265.999288	34.053760	0.007759	0.7
796	-0.128443	266.999288	33.935517	0.004079	0.6
797	-0.127248	266.263346	34.022457	0.005413	0.5
798	-0.130368	267.263337	33.904433	0.006997	0.5
799	-0.134946	266.529964	33.990909	0.011539	0.4
800	-0.137267	267.529963	33.873102	0.007925	0.4
801	-0.119765	268.529963	33.756109	0.006739	0.5
802	-0.127049	269.529956	33.639921	0.005687	0.4
803	-0.124726	270.529917	33.524535	0.006585	0.4
804	-0.153042	269.798980	33.608800	0.007732	0.4
805	-0.110256	269.084086	33.691627	0.008508	0.4
806	-0.098344	270.084086	33.575882	0.008167	0.4
807	-0.140229	269.347495	33.661061	0.007787	0.4
808	-0.135169	270.347495	33.545526	0.005952	0.4
809	-0.090528	271.338356	33.431825	0.006315	0.4
810	-0.109205	270.624699	33.513639	0.004824	0.4
811	-0.129215	269.904956	33.596557	0.006746	0.4
812	-0.126739	270.904956	33.481463	0.010114	0.4
813	-0.095866	271.891741	33.368660	0.006621	0.4
814	-0.120437	271.159763	33.452262	0.008899	0.4
815	-0.124307	270.423173	33.536814	0.007970	0.4
816	-0.113983	271.423173	33.422129	0.009736	0.4
817	-0.138025	270.686616	33.506525	0.007385	0.4
818	-0.127508	271.686616	33.392046	0.007645	0.4
819	-0.130746	272.686616	33.278346	0.009379	0.5
820	-0.107519	271.950026	33.362021	0.010377	0.4
821	-0.102831	272.950026	33.248525	0.006681	0.4
822	-0.130529	273.950026	33.135799	0.010099	0.5
823	-0.119465	273.213436	33.218758	0.009917	0.5
824	-0.110453	274.213436	33.106233	0.005821	0.4
825	-0.098323	273.476857	33.189042	0.009009	0.4
826	-0.110325	274.349144	33.091021	0.008306	0.8
827	-0.122486	275.349144	32.979359	0.006434	0.7
828	-0.105686	276.349144	32.868448	0.006136	0.7
829	-0.121259	277.104586	32.785154	0.005626	0.6
830	-0.138543	277.308727	32.762719	0.007110	0.5
831	-0.099199	278.308645	32.653266	0.006194	0.5
832	-0.129710	277.572090	32.733819	0.006443	0.5
833	-0.133588	277.371636	32.755811	0.010832	0.4
834	-0.132752	276.635046	32.836875	0.008654	0.5
835	-0.125778	277.635046	32.726919	0.006625	0.4
836	-0.111836	276.929591	32.804411	0.007544	0.4
837	-0.134340	277.929591	32.694672	0.005120	0.4
838	-0.125251	278.928904	32.585739	0.010314	0.5
839	-0.127892	279.928024	32.477550	0.010916	0.4
840	-0.122649	279.191434	32.557241	0.004686	0.4
841	-0.123834	279.315319	32.543811	0.008745	0.4
842	-0.114163	278.586768	32.622952	0.005542	0.4
843	-0.125794	279.585261	32.514585	0.008211	0.4
844	-0.132788	280.585259	32.406772	0.009838	0.4
845	-0.121592	281.560522	32.302314	0.008982	0.4
846	-0.154515	282.560522	32.195902	0.010416	0.4
847	-0.115412	281.823932	32.274216	0.006832	0.5
848	-0.120689	281.089625	32.352666	0.010815	0.4
849	-0.109338	281.811215	32.275571	0.005800	0.5
850	-0.104315	282.811215	32.169335	0.006318	0.4
851	-0.136689	282.074624	32.247520	0.004852	0.6
852	-0.161904	281.342397	32.325618	0.010952	0.5
853	-0.111569	282.342377	32.219055	0.004991	0.4
854	-0.127259	283.342376	32.113191	0.010217	0.4
855	-0.140821	284.339242	32.008349	0.009622	0.5
856	-0.120026	285.339242	31.903862	0.009767	0.5
857	-0.137148	284.605470	31.980464	0.004698	0.5
858	-0.143486	283.877424	32.056834	0.008068	0.4
859	-0.136533	283.141069	32.134446	0.003062	0.4
860	-0.121227	282.404479	32.212461	0.006157	0.5
861	-0.120430	283.404473	32.106640	0.006001	0.6
862	-0.119247	284.404470	32.001512	0.003039	0.5
863	-0.117368	283.718707	32.073531	0.005564	0.5
864	-0.102687	282.982735	32.151184	0.006856	0.6
865	-0.108991	282.455031	32.207094	0.012456	0.4
866	-0.124922	281.718441	32.285462	0.009477	0.4
867	-0.139789	282.718441	32.179162	0.005918	0.4
868	-0.112309	283.718441	32.073559	0.006294	0.5
869	-0.106529	284.718441	31.968647	0.012966	0.4
870	-0.126269	283.981851	32.045857	0.007146	0.4
871	-0.118602	284.981851	31.941126	0.007462	0.4
872	-0.093756	285.981609	31.837102	0.008577	0.4
873	-0.133591	286.981609	31.733729	0.004285	0.4
874	-0.118441	287.536567	31.676650	0.008815	0.4
875	-0.115175	286.812128	31.751201	0.006692	0.4
876	-0.121695	286.075582	31.827359	0.010894	0.4
877	-0.118345	285.363407	31.901345	0.007123	0.5
878	-0.128960	284.665048	31.974231	0.006239	0.4
879	-0.147799	285.621000	31.874545	0.007446	0.5
880	-0.125845	284.884410	31.951301	0.006729	0.5
881	-0.108694	284.147820	32.028428	0.011291	0.5
882	-0.122782	283.411229	32.105927	0.005183	0.5
883	-0.110616	282.674644	32.183803	0.007253	0.4
884	-0.123485	281.939579	32.261895	0.007591	0.4
885	-0.126230	281.202989	32.340530	0.004583	0.4
886	-0.125624	280.466402	32.419549	0.011853	0.5
887	-0.086215	279.729817	32.498955	0.008496	0.4
888	-0.165950	280.729812	32.391247	0.006742	0.4
889	-0.110368	279.994208	32.470408	0.006871	0.4
890	-0.097846	279.514400	32.522251	0.004807	0.4
891	-0.102305	280.514355	32.414393	0.008444	0.4
892	-0.112804	279.778229	32.493724	0.008279	0.4
893	-0.127902	280.778229	32.386050	0.007858	0.4
894	-0.148491	281.778229	32.279087	0.009768	0.9
895	-0.138160	281.041639	32.357806	0.009845	0.6
896	-0.133401	282.041639	32.251030	0.010652	0.6
897	-0.112418	283.041639	32.144955	0.005031	0.5
898	-0.125885	284.041639	32.039576	0.005819	0.4
899	-0.165210	283.445782	32.102284	0.006357	0.4
900	-0.099364	284.445770	31.997185	0.010931	0.4
901	-0.131419	285.439413	31.893433	0.009153	0.4
902	-0.121462	286.439413	31.789694	0.005957	0.4
903	-0.115229	287.439411	31.686628	0.006015	0.4
904	-0.132256	288.439090	31.584261	0.009206	0.4
905	-0.106484	289.433617	31.483075	0.006114	0.4
906	-0.128441	290.433244	31.382022	0.010111	0.6
907	-0.132501	291.433244	31.281578	0.010816	0.5
908	-0.126091	290.696654	31.355501	0.005296	0.4
909	-0.138917	291.696654	31.255227	0.011550	0.4
910	-0.126308	292.696653	31.155592	0.005767	0.5
911	-0.111910	291.960063	31.228920	0.009303	0.5
912	-0.134099	292.960058	31.129453	0.007655	0.4
913	-0.115619	293.954025	31.031211	0.005311	0.5
914	-0.114132	294.954025	30.932997	0.007125	0.5
915	-0.140136	295.954001	30.835405	0.011266	0.4
916	-0.104634	296.954001	30.738424	0.007874	0.4
917	-0.134236	296.217411	30.809800	0.009191	0.4
918	-0.105367	297.185305	30.716079	0.006180	0.4
919	-0.131274	297.926882	30.644657	0.011664	0.6
920	-0.109820	298.082263	30.629734	0.006810	0.4
921	-0.107380	298.289564	30.609847	0.008248	0.4
922	-0.124940	299.289564	30.514278	0.009625	0.5
923	-0.120723	298.552974	30.584616	0.007404	0.5
924	-0.096027	297.816384	30.655278	0.004199	0.4
925	-0.118993	297.080586	30.726191	0.008576	0.4
926	-0.125754	298.080586	30.629895	0.007608	0.4
927	-0.113790	297.344000	30.700767	0.005576	0.6
928	-0.105180	298.344000	30.604630	0.007916	0.6
929	-0.129896	299.339557	30.509516	0.008373	0.5
930	-0.115301	300.339557	30.414571	0.008066	0.5
931	-0.137363	299.631205	30.481764	0.008015	0.5
932	-0.118370	300.631205	30.386992	0.005140	0.6
933	-0.141748	299.894731	30.456732	0.005807	0.5
934	-0.135721	300.315972	30.416804	0.009790	0.5
935	-0.139451	301.315972	30.322434	0.007787	0.7
936	-0.158331	302.315970	30.228649	0.005515	0.4
937	-0.109715	301.662945	30.289827	0.006911	0.4
938	-0.097137	300.926355	30.359132	0.013149	0.4
939	-0.139490	301.926355	30.265120	0.007668	0.5
940	-0.134413	302.926355	30.171688	0.009106	0.4
941	-0.114020	302.189765	30.240453	0.005413	0.5
942	-0.139691	303.102039	30.155333	0.009098	0.4
943	-0.119904	304.102039	30.062576	0.014270	0.5
944	-0.102029	305.102039	29.970389	0.004842	0.4
945	-0.133476	304.365449	30.038238	0.008331	0.5
946	-0.110853	305.365351	29.946209	0.008047	0.4
947	-0.108437	306.361209	29.855110	0.006984	0.5
948	-0.149493	307.276899	29.771833	0.006012	0.5
949	-0.118540	306.540309	29.838785	0.008728	0.4
950	-0.117633	307.540309	29.747963	0.006326	0.4
951	-0.130186	308.534439	29.658220	0.004977	0.5
952	-0.140301	309.534333	29.568501	0.004952	0.5
953	-0.129118	310.534236	29.479323	0.009456	0.5
954	-0.137881	311.447580	29.398334	0.005517	0.4
955	-0.120037	310.710990	29.463615	0.005955	0.4
956	-0.116670	311.693447	29.376608	0.005219	0.5
957	-0.081003	312.693447	29.288573	0.006608	0.5
958	-0.128187	311.957467	29.353313	0.005374	0.4
959	-0.131722	311.221011	29.418383	0.008365	0.7
960	-0.101843	310.566505	29.476454	0.006780	0.6
961	-0.138691	311.566504	29.387821	0.004886	0.5
962	-0.122049	310.841318	29.452043	0.009409	0.5
963	-0.114539	310.105848	29.517464	0.006211	0.5
964	-0.127236	311.057515	29.432868	0.007684	0.5
965	-0.117164	312.057515	29.344496	0.007525	0.4
966	-0.102374	313.057515	29.256653	0.006286	0.4
967	-0.129738	314.057514	29.169335	0.007060	0.4
968	-0.119601	315.057514	29.082536	0.006905	0.5
969	-0.126613	314.321431	29.146377	0.007098	0.4
970	-0.122286	313.585983	29.210443	0.007853	0.4
971	-0.113229	312.849393	29.274892	0.008236	0.5
972	-0.128001	312.112803	29.339625	0.005252	0.5
973	-0.139888	313.112803	29.251812	0.008920	0.4
974	-0.104934	314.081123	29.167280	0.005852	0.5
975	-0.115091	315.060046	29.082317	0.007305	0.4
976	-0.098528	314.325915	29.145987	0.006089	0.5
977	-0.105766	315.325915	29.059327	0.006596	0.5
978	-0.130111	314.589325	29.123110	0.007506	0.5
979	-0.132454	315.588940	29.036619	0.007079	0.5
980	-0.127675	314.852350	29.100302	0.007672	0.5
981	-0.136048	315.852350	29.013913	0.006887	0.5
982	-0.123449	315.115760	29.077497	0.008708	0.4
983	-0.127065	314.379170	29.141359	0.008832	0.6
984	-0.112817	315.361971	29.056212	0.005616	0.5
985	-0.119259	314.625459	29.119975	0.004565	0.6
986	-0.116980	313.888870	29.184024	0.005512	0.4
987	-0.129992	313.153057	29.248288	0.010809	0.5
988	-0.126610	312.420793	29.312524	0.007563	0.5
989	-0.122773	313.420793	29.224872	0.012351	0.5
990	-0.121221	314.420793	29.137743	0.011302	0.4
991	-0.111549	315.420793	29.051132	0.007047	0.8
992	-0.111311	314.684207	29.114878	0.009655	0.6
993	-0.122172	314.833463	29.101939	0.006487	0.5
994	-0.145976	315.827701	29.016036	0.011080	0.5
995	-0.138630	316.827701	28.930146	0.011341	0.4
996	-0.118541	317.824026	28.845076	0.010162	0.5
997	-0.133201	318.824026	28.760194	0.004221	0.4
998	-0.126351	318.087436	28.822669	0.003633	0.4
999	-0.101091	319.069668	28.739420	0.008675	0.4
1000	-0.114325	318.333078	28.801804	0.004557	0.6
1001	-0.121919	317.632220	28.861414	0.009966	0.5
1002	-0.109952	318.632217	28.776436	0.008063	0.5
1003	-0.105739	319.632217	28.691957	0.009076	0.4
1004	-0.114700	318.907320	28.753146	0.006071	0.5
1005	-0.108169	318.170730	28.815590	0.008866	0.5
1006	-0.117026	317.434140	28.878307	0.005202	0.4
1007	-0.135271	318.433525	28.793281	0.011132	0.5
1008	-0.122884	317.722307	28.853738	0.008013	0.6
1009	-0.123213	318.720709	28.768941	0.008652	0.6
1010	-0.144214	319.637572	28.691506	0.008019	0.5
1011	-0.127950	320.637572	28.607523	0.008567	0.5
1012	-0.133002	319.900982	28.669336	0.006627	0.5
1013	-0.144794	319.164391	28.731417	0.008709	0.5
1014	-0.129778	318.427801	28.793767	0.009026	0.7
1015	-0.126395	319.427801	28.709185	0.006534	0.4
1016	-0.127421	320.427801	28.625100	0.006389	0.4
1017	-0.111816	321.427801	28.541505	0.007178	0.4
1018	-0.120533	322.427801	28.458397	0.006218	0.4
1019	-0.123883	321.691312	28.519558	0.007986	0.5
1020	-0.146593	320.983964	28.578547	0.006673	0.5
1021	-0.096316	321.983948	28.495225	0.004403	0.8
1022	-0.150497	321.520640	28.533769	0.008198	0.6
1023	-0.123376	320.784050	28.595263	0.007424	0.5
1024	-0.143983	321.784040	28.511843	0.006447	0.4
1025	-0.135087	321.047485	28.573240	0.006951	0.4
1026	-0.147951	322.047485	28.489948	0.010531	0.5
1027	-0.142072	323.043287	28.407486	0.012717	0.5
1028	-0.144527	324.043287	28.325156	0.007396	0.4
1029	-0.111889	325.041447	28.243452	0.009608	0.5
1030	-0.131086	326.041447	28.162068	0.006419	0.4
1031	-0.109183	325.304856	28.221969	0.004855	0.5
1032	-0.128356	324.568288	28.282123	0.011562	0.4
1033	-0.134597	323.831698	28.342536	0.006709	0.6
1034	-0.125602	324.831698	28.260581	0.007753	0.5
1035	-0.132737	325.831669	28.179102	0.008175	0.6
1036	-0.149142	326.831669	28.098088	0.005956	0.4
1037	-0.107085	327.772957	28.022255	0.008911	0.4
1038	-0.138828	328.766665	27.942642	0.013209	0.4
1039	-0.142741	328.030075	28.001612	0.007508	0.4
1040	-0.121275	327.293484	28.060832	0.006997	0.4
1041	-0.096183	328.293484	27.980496	0.008466	0.4
1042	-0.111589	329.293484	27.900619	0.009008	0.6
1043	-0.123337	330.293484	27.821196	0.005425	0.4
1044	-0.119843	329.556894	27.879654	0.005914	0.4
1045	-0.139791	328.820660	27.938330	0.008428	0.4
1046	-0.119772	329.820658	27.858693	0.007403	0.7
1047	-0.137160	330.669701	27.791433	0.009713	0.4
1048	-0.089152	330.008470	27.843786	0.007622	0.4
1049	-0.102822	331.008470	27.764687	0.004820	0.4
1050	-0.107504	330.271881	27.822907	0.010300	0.4
1051	-0.118517	331.270995	27.743995	0.005950	0.4
1052	-0.139905	330.534404	27.802129	0.008850	0.4
1053	-0.107471	329.798963	27.860415	0.005282	0.4
1054	-0.110465	329.063203	27.918972	0.007092	0.4
1055	-0.121466	328.470603	27.966315	0.008372	0.6
1056	-0.100813	329.470603	27.886518	0.007339	0.5
1057	-0.124214	328.734166	27.945239	0.012094	0.4
1058	-0.133661	329.734166	27.865563	0.010380	0.4
1059	-0.120345	330.734166	27.786339	0.005605	0.5
1060	-0.109425	329.997576	27.844651	0.006364	0.5
1061	-0.133743	330.997575	27.765546	0.007957	0.5
1062	-0.118252	331.997575	27.686890	0.007616	0.6
1063	-0.119510	331.285345	27.742865	0.006108	0.5
1064	-0.144892	332.275678	27.665094	0.006774	0.5
1065	-0.160914	333.246106	27.589308	0.008067	0.6
1066	-0.137576	334.246105	27.511645	0.005004	0.4
1067	-0.136543	333.511584	27.568647	0.007723	0.4
1068	-0.108313	332.784832	27.625280	0.006151	0.5
1069	-0.115779	332.473192	27.649635	0.008681	0.4
1070	-0.153306	331.736602	27.707374	0.007862	0.4
1071	-0.132064	332.736397	27.629062	0.007439	0.4
1072	-0.139106	331.999807	27.686714	0.009603	0.5
1073	-0.124338	332.824342	27.622195	0.009577	0.5
1074	-0.134985	332.087752	27.679818	0.011998	0.5
1075	-0.095242	331.351162	27.737683	0.005699	0.4
1076	-0.143638	332.351162	27.659184	0.006435	0.4
1077	-0.110957	333.351162	27.581128	0.006014	0.4
1078	-0.109798	333.774923	27.548184	0.008055	0.4
1079	-0.111701	333.039758	27.605388	0.005970	0.4
1080	-0.140590	334.039646	27.527644	0.011034	0.4
1081	-0.106230	335.039646	27.450327	0.008210	0.4
1082	-0.114816	336.039646	27.373444	0.007446	0.4
1083	-0.132853	337.039646	27.296991	0.015596	0.4
1084	-0.125766	338.039646	27.220963	0.012125	0.4
1085	-0.106318	339.039646	27.145357	0.008407	0.4
1086	-0.112111	338.303331	27.200986	0.009801	0.4
1087	-0.123508	339.303331	27.125491	0.010153	0.9
1088	-0.133161	338.566741	27.181059	0.005736	0.7
1089	-0.124795	338.875382	27.157748	0.004604	0.5
1090	-0.119764	338.138792	27.213448	0.007646	0.4
1091	-0.098967	337.411381	27.268679	0.006690	0.4
1092	-0.134758	336.674791	27.324836	0.009025	0.4
1093	-0.143238	337.674791	27.248653	0.006380	0.4
1094	-0.139155	338.674791	27.172894	0.006241	0.4
1095	-0.100140	337.939902	27.228527	0.006214	0.4
1096	-0.111175	338.938242	27.153005	0.008609	0.4
1097	-0.096338	339.938242	27.077776	0.004883	0.5
1098	-0.131534	339.201652	27.133148	0.007090	0.4
1099	-0.135209	340.177123	27.059867	0.010607	0.4
1100	-0.146682	341.177123	26.985152	0.007601	0.4
1101	-0.125401	342.177123	26.910849	0.006633	0.4
1102	-0.119701	341.440533	26.965541	0.007569	0.5
1103	-0.128742	342.440191	26.891371	0.006296	0.4
1104	-0.132754	343.440191	26.817582	0.011251	0.4
1105	-0.093785	342.703600	26.871895	0.006008	0.5
1106	-0.117001	343.703600	26.798213	0.004945	0.5
1107	-0.140117	342.967031	26.852446	0.007696	0.5
1108	-0.124114	342.230452	26.906898	0.008642	0.5
1109	-0.115348	341.493862	26.961573	0.005267	0.8
1110	-0.100693	340.757282	27.016470	0.005537	0.5
1111	-0.128015	341.756729	26.942036	0.006358	0.5
1112	-0.124025	341.702920	26.946033	0.006537	0.5
1113	-0.133752	342.702920	26.871945	0.005766	0.7
1114	-0.136598	343.702776	26.798274	0.008045	0.5
1115	-0.126406	342.968051	26.852370	0.005522	0.4
1116	-0.107477	343.966589	26.778903	0.008074	0.5
1117	-0.126066	343.229998	26.833059	0.009163	0.5
1118	-0.151557	342.493408	26.887434	0.012615	0.5
1119	-0.099239	343.493408	26.813667	0.005922	1.0
1120	-0.147501	344.493408	26.740304	0.010015	0.6
1121	-0.117968	343.756818	26.794303	0.011583	0.5
1122	-0.114591	344.756818	26.721046	0.008140	0.5
1123	-0.133775	345.756818	26.648189	0.005478	0.5
1124	-0.125427	346.756818	26.575727	0.007779	0.5
1125	-0.129418	347.623729	26.513228	0.011137	0.5
1126	-0.115487	348.623729	26.441497	0.009676	0.5
1127	-0.131800	347.887139	26.494295	0.009172	0.4
1128	-0.107167	348.887139	26.422667	0.007826	0.5
1129	-0.128876	348.150549	26.475390	0.006646	0.5
1130	-0.141144	347.413959	26.528324	0.006669	0.4
1131	-0.132005	347.826572	26.498646	0.008049	0.4
1132	-0.113412	347.089981	26.551673	0.009625	0.4
1133	-0.111836	346.353391	26.604913	0.009387	0.5
1134	-0.141419	345.616801	26.658366	0.007860	0.5
1135	-0.101425	344.880211	26.712035	0.008219	0.4
1136	-0.155592	344.143621	26.765920	0.008721	0.4
1137	-0.116904	345.143621	26.692818	0.007429	0.5
1138	-0.133665	344.407030	26.746625	0.009183	0.5
1139	-0.124240	344.458765	26.742839	0.007063	0.5
1140	-0.118254	345.458765	26.669863	0.006451	0.5
1141	-0.107220	346.458764	26.597283	0.006576	0.5
1142	-0.128661	345.731611	26.650020	0.006635	0.5
1143	-0.147738	346.730930	26.577598	0.007583	0.4
1144	-0.116818	347.722384	26.506134	0.009553	0.4
1145	-0.125378	348.721806	26.434483	0.006029	0.5
1146	-0.146715	348.084288	26.480143	0.006522	0.4
1147	-0.113383	349.084172	26.408600	0.007295	0.5
1148	-0.123963	350.084172	26.337434	0.007344	0.4
1149	-0.124006	349.347591	26.389816	0.007832	0.6
1150	-0.107217	348.647584	26.439791	0.007404	0.9
1151	-0.114405	347.911081	26.492576	0.003692	0.6
1152	-0.129193	347.174711	26.545563	0.005998	0.5
1153	-0.117266	348.125798	26.477166	0.006828	0.5
1154	-0.109150	347.457011	26.525224	0.005937	0.4
1155	-0.122305	346.720424	26.578357	0.008442	0.4
1156	-0.133578	345.983834	26.631704	0.004652	0.5
1157	-0.133782	345.247244	26.685265	0.006264	0.5
1158	-0.128649	344.511588	26.738974	0.012157	0.4
1159	-0.108479	345.492370	26.667417	0.007289	0.4
1160	-0.140672	346.447721	26.598083	0.007655	0.4
1161	-0.115871	346.183167	26.617246	0.008070	0.4
1162	-0.120272	345.446578	26.670749	0.007839	0.5
1163	-0.140144	346.446578	26.598165	0.005190	0.5
1164	-0.132996	347.126722	26.549023	0.008661	0.5
1165	-0.098575	346.390165	26.602250	0.004779	0.5
1166	-0.131054	347.390165	26.530037	0.005804	0.5
1167	-0.136117	346.653607	26.583188	0.007082	0.4
1168	-0.125229	345.997433	26.630717	0.009217	0.5
1169	-0.154231	345.260843	26.684274	0.005789	0.5
1170	-0.139641	346.260842	26.611617	0.011042	0.4
1171	-0.116070	347.260842	26.539354	0.006033	0.4
1172	-0.134966	348.260832	26.467483	0.009321	0.4
1173	-0.115699	349.260832	26.396000	0.006243	0.4
1174	-0.110023	348.525145	26.448552	0.011696	0.4
1175	-0.136060	347.788555	26.501378	0.006773	0.4
1176	-0.137134	348.788555	26.429712	0.007446	0.4
1177	-0.128988	349.788555	26.358432	0.010722	0.4
1178	-0.115708	349.051965	26.410898	0.008027	0.4
1179	-0.096077	348.315375	26.463574	0.013539	0.6
1180	-0.138684	349.315375	26.392112	0.007435	0.5
1181	-0.148693	350.315162	26.321050	0.007513	0.5
1182	-0.113097	349.578575	26.373367	0.010330	0.6
1183	-0.120256	350.578575	26.302391	0.007095	0.7
1184	-0.122270	349.841985	26.354634	0.011921	0.5
1185	-0.123529	349.135934	26.404907	0.008870	0.5
1186	-0.122488	348.399344	26.457559	0.005749	0.4
1187	-0.135792	347.662993	26.510404	0.009042	0.4
1188	-0.127685	348.662993	26.438689	0.007226	0.4
1189	-0.135299	349.639489	26.369033	0.007111	0.4
1190	-0.134893	350.639489	26.298080	0.009797	0.5
1191	-0.118729	351.534429	26.234904	0.006556	0.4
1192	-0.130427	352.534418	26.164670	0.006054	0.5
1193	-0.103863	351.803974	26.215935	0.005013	0.5
1194	-0.121310	352.775918	26.147765	0.005802	0.6
1195	-0.133492	352.056664	26.198178	0.006961	0.4
1196	-0.131247	351.320163	26.250002	0.007170	0.4
1197	-0.116890	352.320163	26.179687	0.010406	0.5
1198	-0.119551	353.320163	26.109747	0.006925	0.4
1199	-0.116517	352.583573	26.161228	0.008042	0.4
1200	-0.109636	351.927453	26.207255	0.008178	0.4
1201	-0.121069	352.927453	26.137169	0.006375	0.5
1202	-0.158969	352.190863	26.188757	0.007980	0.4
1203	-0.132740	351.533483	26.234970	0.009180	0.4
1204	-0.148398	350.796893	26.286946	0.006515	0.4
1205	-0.118573	350.060303	26.339128	0.008360	0.4
1206	-0.126150	350.897780	26.279815	0.004034	0.4
1207	-0.122591	351.897152	26.209385	0.010244	0.5
1208	-0.117352	352.897152	26.139287	0.006353	0.4
1209	-0.151220	352.160561	26.190884	0.010566	0.5
1210	-0.111116	351.423971	26.242685	0.008980	0.5
1211	-0.079920	350.687381	26.294691	0.006983	0.5
1212	-0.106889	349.954370	26.346650	0.012820	0.6
1213	-0.116919	350.953829	26.275855	0.007491	0.6
1214	-0.105420	350.219523	26.327831	0.007113	0.5
1215	-0.140417	351.219523	26.257099	0.006941	0.5
1216	-0.161063	352.116034	26.194009	0.007381	0.5
1217	-0.116177	353.115762	26.124013	0.005388	0.4
1218	-0.118466	352.382609	26.175308	0.007219	0.5
1219	-0.135857	351.739481	26.220471	0.007204	0.5
1220	-0.116362	352.739481	26.150314	0.010855	0.4
1221	-0.114262	352.002891	26.201955	0.005545	0.5
1222	-0.116122	351.266347	26.253796	0.007368	0.5
1223	-0.136568	350.530228	26.305813	0.006778	0.4
1224	-0.126195	351.530228	26.235199	0.011626	0.5
1225	-0.098168	350.793639	26.287176	0.006146	0.5
1226	-0.159418	350.057049	26.339359	0.008957	0.4
1227	-0.110721	350.789336	26.287480	0.007075	0.5
1228	-0.143585	351.789336	26.216965	0.009131	0.5
1229	-0.155583	351.052746	26.268869	0.008902	0.5
1230	-0.116840	350.316155	26.320979	0.012099	0.4
1231	-0.151303	349.579565	26.373297	0.011337	0.4
1232	-0.146421	350.579565	26.302321	0.006865	0.5
1233	-0.140855	351.579565	26.231725	0.006865	0.5
1234	-0.127395	350.842975	26.283688	0.006799	0.4
1235	-0.133813	351.841848	26.213272	0.010576	0.5
1236	-0.128051	351.105258	26.265162	0.007069	0.5
1237	-0.122652	352.105258	26.194766	0.007650	0.5
1238	-0.135400	353.105258	26.124746	0.005239	0.5
1239	-0.136492	352.370416	26.176163	0.014016	0.4
1240	-0.134521	353.370416	26.106243	0.005990	0.5
1241	-0.123245	352.636076	26.157551	0.007013	0.5
1242	-0.125715	351.909401	26.208524	0.010560	0.4
1243	-0.113247	352.909401	26.138430	0.006796	0.5
1244	-0.151599	352.173924	26.189946	0.005451	0.6
1245	-0.127071	353.173923	26.119952	0.003088	0.5
1246	-0.099129	354.173850	26.050336	0.007597	0.5
1247	-0.126861	355.165984	25.981629	0.009704	0.5
1248	-0.140427	356.087756	25.918118	0.007582	0.5
1249	-0.144829	355.351165	25.968844	0.007694	0.4
1250	-0.137520	356.351152	25.900027	0.005218	0.4
1251	-0.127285	355.616600	25.950542	0.007804	0.4
1252	-0.127126	354.880011	26.001396	0.004127	0.4
1253	-0.111838	355.879517	25.932438	0.006185	0.4
1254	-0.122877	355.239891	25.976525	0.006331	0.4
1255	-0.123894	355.139472	25.983460	0.005819	0.4
1256	-0.124571	354.403195	26.034421	0.008206	0.5
1257	-0.120132	355.403195	25.965255	0.007059	0.5
1258	-0.109947	355.156981	25.982250	0.003777	0.5
1259	-0.104471	356.143233	25.914305	0.007014	0.4
1260	-0.117128	355.406789	25.965007	0.005904	0.4
1261	-0.112112	354.670234	26.015915	0.013142	0.4
1262	-0.104324	353.933750	26.067018	0.002901	0.5
1263	-0.128153	353.197160	26.118330	0.004891	0.4
1264	-0.145620	354.088338	26.056275	0.008518	0.4
1265	-0.130000	354.547149	26.024442	0.008998	0.4
1266	-0.127024	353.810559	26.075586	0.008323	0.8
1267	-0.145041	354.810559	26.006201	0.007083	0.5
1268	-0.140532	354.073969	26.057273	0.008881	0.4
1269	-0.130940	353.337379	26.108546	0.010343	0.5
1270	-0.141916	352.600789	26.160022	0.009678	0.6
1271	-0.121608	353.455234	26.100329	0.005932	0.6
1272	-0.154067	352.774958	26.147832	0.011866	0.5
1273	-0.125125	353.774958	26.078063	0.005117	0.4
1274	-0.107709	354.751014	26.010322	0.008681	0.5
1275	-0.142554	355.191306	25.979880	0.007057	0.5
1276	-0.106982	356.191179	25.911011	0.006568	0.5
1277	-0.134639	357.191179	25.842498	0.006784	0.6
1278	-0.099455	356.454612	25.892927	0.009373	0.5
1279	-0.126211	355.718022	25.943555	0.009575	0.5
1280	-0.113488	356.718022	25.874870	0.005535	0.4
1281	-0.125217	355.981431	25.925428	0.012377	0.4
1282	-0.134722	356.981431	25.856839	0.005434	0.4
1283	-0.139403	357.981431	25.788611	0.009512	0.4
1284	-0.122201	358.962799	25.722005	0.006005	0.5
1285	-0.106957	359.962799	25.654486	0.004807	0.5
1286	-0.117340	360.304911	25.631469	0.008584	0.4
1287	-0.131662	361.304911	25.564424	0.005137	0.4
1288	-0.120388	360.568321	25.613774	0.008449	0.5
1289	-0.126849	361.568321	25.546822	0.007096	0.4
1290	-0.141188	362.568261	25.480223	0.007987	0.4
1291	-0.157516	363.568261	25.413966	0.009880	0.4
1292	-0.140029	362.831740	25.462732	0.013200	0.4
1293	-0.098220	362.095150	25.511690	0.008060	0.5
1294	-0.111165	363.095150	25.445270	0.004638	0.4
1295	-0.150079	363.823313	25.397123	0.005269	0.5
1296	-0.124458	363.096281	25.445195	0.007295	0.5
1297	-0.125163	362.471902	25.486626	0.005631	0.5
1298	-0.111366	363.471902	25.420336	0.004408	0.5
1299	-0.109948	363.684212	25.406306	0.006253	0.4
1300	-0.116673	364.684014	25.340446	0.007105	0.4
1301	-0.122162	365.684014	25.274913	0.008258	0.5
1302	-0.131581	364.947424	25.323151	0.007526	0.5
1303	-0.138409	364.210834	25.371573	0.009036	0.4
1304	-0.114133	365.210834	25.305880	0.011759	0.5
1305	-0.113631	366.210834	25.240525	0.009506	0.5
1306	-0.109178	367.210834	25.175508	0.007496	0.5
1307	-0.137720	368.210834	25.110824	0.007467	0.5
1308	-0.133457	367.474244	25.158437	0.009795	0.4
1309	-0.126121	366.737654	25.206231	0.008518	0.8
1310	-0.147482	366.001064	25.254207	0.009032	0.7
1311	-0.143600	365.267908	25.302140	0.007092	0.5
1312	-0.131398	364.531475	25.350472	0.006908	0.5
1313	-0.122320	365.531475	25.284888	0.008320	0.4
1314	-0.121404	364.794885	25.333163	0.007868	0.4
1315	-0.131376	365.794885	25.267668	0.005680	0.4
1316	-0.142792	365.058295	25.315878	0.006492	0.4
1317	-0.087936	366.058295	25.250473	0.005131	0.4
1318	-0.116935	365.321705	25.298617	0.006706	0.7
1319	-0.117844	364.585116	25.346945	0.005556	0.5
1320	-0.122247	365.584826	25.281398	0.007332	0.6
1321	-0.134344	364.901992	25.326132	0.007487	0.5
1322	-0.116204	365.880157	25.262099	0.005643	0.5
1323	-0.097359	366.880157	25.196970	0.003590	0.5
1324	-0.108558	366.149238	25.244541	0.005736	0.4
1325	-0.116228	367.121963	25.181272	0.008964	0.4
1326	-0.102046	368.121557	25.116586	0.003013	0.5
1327	-0.131129	369.117590	25.052459	0.006855	0.4
1328	-0.122781	369.346417	25.037773	0.005107	0.4
1329	-0.121580	368.735831	25.076999	0.006529	0.4
1330	-0.112490	369.732827	25.013012	0.004495	0.4
1331	-0.142930	370.732827	24.949160	0.010262	0.5
1332	-0.116311	369.996237	24.996161	0.007129	0.4
1333	-0.121994	370.996237	24.932395	0.006522	0.5
1334	-0.113463	370.259646	24.979333	0.004921	0.4
1335	-0.127337	369.523056	25.026448	0.009704	0.4
1336	-0.102182	369.294268	25.041118	0.005143	0.5
1337	-0.112994	370.294268	24.977122	0.006748	0.4
1338	-0.105734	371.294262	24.913454	0.005816	0.4
1339	-0.127142	372.224407	24.854522	0.007276	0.5
1340	-0.088644	371.487817	24.901167	0.005314	0.4
1341	-0.166070	372.477013	24.838566	0.007334	0.8
1342	-0.097830	373.384454	24.781415	0.004870	0.5
1343	-0.133573	374.307117	24.723574	0.008747	0.5
1344	-0.138807	373.585792	24.768770	0.009054	0.5
1345	-0.125685	372.849201	24.815094	0.006166	0.5
1346	-0.129362	373.847984	24.752323	0.007346	0.5
1347	-0.097603	373.111689	24.798566	0.007445	0.5
1348	-0.116978	372.387642	24.844209	0.007122	0.5
1349	-0.119953	371.651052	24.890815	0.005948	0.5
1350	-0.123208	370.914464	24.937597	0.005492	0.4
1351	-0.138767	371.903818	24.874802	0.006458	0.4
1352	-0.111531	371.221707	24.918062	0.005700	0.4
1353	-0.127968	372.218388	24.854903	0.004958	0.4
1354	-0.137186	371.481827	24.901548	0.011027	0.4
1355	-0.126655	372.478344	24.838482	0.006446	0.5
1356	-0.118400	373.478344	24.775517	0.008544	0.6
1357	-0.133168	374.478344	24.712870	0.007289	0.5
1358	-0.113215	375.478344	24.650539	0.005113	0.4
1359	-0.118178	374.741827	24.696416	0.008093	0.5
1360	-0.133419	375.737165	24.634458	0.009834	0.5
1361	-0.126867	375.000575	24.680279	0.009465	0.5
1362	-0.117068	376.000575	24.618113	0.006030	0.4
1363	-0.124157	375.263985	24.663874	0.006178	0.4
1364	-0.125270	375.667285	24.638797	0.008483	0.5
1365	-0.125715	374.961667	24.682705	0.006487	0.6
1366	-0.099505	374.225086	24.728706	0.005547	0.5
1367	-0.102688	373.488501	24.774879	0.006998	0.4
1368	-0.128559	372.751943	24.821223	0.010507	0.5
1369	-0.096024	372.015353	24.867743	0.006477	0.4
1370	-0.116272	373.015353	24.804630	0.006359	0.5
1371	-0.159421	374.015342	24.741836	0.010142	0.5
1372	-0.114469	373.278751	24.788059	0.007030	0.5
1373	-0.150264	374.278751	24.725348	0.007412	0.5
1374	-0.133596	375.278751	24.662955	0.007582	0.8
1375	-0.105450	376.251787	24.602545	0.006918	0.5
1376	-0.153307	375.685457	24.637669	0.010173	0.6
1377	-0.113261	376.683371	24.575845	0.006695	0.5
1378	-0.106365	377.682745	24.514241	0.007628	0.4
1379	-0.118797	378.682744	24.452907	0.007533	0.4
1380	-0.130940	377.946154	24.498055	0.007071	0.4
1381	-0.149157	377.209563	24.543371	0.009585	0.5
1382	-0.137360	378.209563	24.481891	0.007420	0.5
1383	-0.139777	379.209563	24.420718	0.009127	0.4
1384	-0.103125	380.209563	24.359850	0.007737	0.4
1385	-0.105154	379.712637	24.390059	0.002631	0.4
1386	-0.108486	380.679527	24.331349	0.006211	0.5
1387	-0.117086	380.870887	24.319763	0.005560	0.5
1388	-0.102291	381.144305	24.303228	0.004715	0.4
1389	-0.141700	380.407827	24.347818	0.007281	0.4
1390	-0.143111	381.407577	24.287328	0.005864	0.5
1391	-0.112649	380.670986	24.331867	0.006139	0.5
1392	-0.127922	379.934397	24.376569	0.005709	0.4
1393	-0.116858	380.934397	24.315921	0.006403	0.4
1394	-0.119421	380.197807	24.360564	0.008342	0.5
1395	-0.113941	380.729419	24.328327	0.011039	0.5
1396	-0.114762	379.992829	24.373017	0.006136	0.4
1397	-0.117630	379.380129	24.410314	0.006071	0.4
1398	-0.101166	380.380019	24.349505	0.007999	0.5
1399	-0.120245	379.643429	24.394272	0.005213	0.5
1400	-0.130393	379.151555	24.424258	0.005422	0.5
1401	-0.125958	378.414965	24.469301	0.009987	0.4
1402	-0.121853	377.678375	24.514510	0.008615	0.4
1403	-0.126260	376.941784	24.559886	0.005620	0.4
1404	-0.127290	377.937234	24.498603	0.007847	0.4
1405	-0.128983	377.200644	24.543920	0.008181	0.5
1406	-0.111207	378.200644	24.482438	0.005463	0.9
1407	-0.120765	377.464054	24.527695	0.009875	0.6
1408	-0.128369	378.464054	24.466294	0.007943	0.5
1409	-0.103249	377.727464	24.511492	0.006178	0.4
1410	-0.125804	376.990874	24.556857	0.009524	0.4
1411	-0.110117	376.254284	24.602390	0.008295	0.4
1412	-0.129176	377.254284	24.540615	0.006701	0.4
1413	-0.139813	378.254284	24.479148	0.010625	0.4
1414	-0.116011	379.254284	24.417989	0.008204	0.4
1415	-0.099157	380.254284	24.357135	0.007744	0.5
1416	-0.105657	379.517695	24.401930	0.005592	0.5
1417	-0.113682	380.517695	24.341156	0.007790	0.4
1418	-0.115488	379.781104	24.385892	0.004370	0.4
1419	-0.148635	380.780715	24.325221	0.010154	0.4
1420	-0.116878	381.780715	24.264828	0.008058	0.4
1421	-0.129536	381.044125	24.309284	0.007855	0.5
1422	-0.121476	381.852178	24.260524	0.010994	0.5
1423	-0.129754	382.852178	24.200451	0.006330	0.4
1424	-0.149427	383.852178	24.140675	0.008045	0.5
1425	-0.114326	383.115957	24.184655	0.006155	0.5
1426	-0.105436	382.379366	24.228817	0.005693	0.5
1427	-0.129639	382.382399	24.228635	0.005941	0.4
1428	-0.126700	381.645809	24.272958	0.007259	0.4
1429	-0.110395	380.909218	24.317444	0.010526	0.5
1430	-0.108735	380.172628	24.362093	0.004591	0.4
1431	-0.137940	379.738406	24.388491	0.006880	0.5
1432	-0.103720	379.001818	24.433401	0.009430	0.4
1433	-0.134934	378.265227	24.478477	0.009728	0.5
1434	-0.132712	379.255243	24.417931	0.007377	0.4
1435	-0.139056	378.518653	24.462950	0.006715	0.4
1436	-0.125511	379.518653	24.401872	0.006330	0.5
1437	-0.120168	380.518653	24.341098	0.005440	0.5
1438	-0.130330	379.782063	24.385834	0.008884	0.5
1439	-0.116486	380.782063	24.325140	0.007262	0.5
1440	-0.100916	380.045472	24.369817	0.006957	0.7
1441	-0.128588	379.322275	24.413842	0.007901	0.6
1442	-0.131900	380.310902	24.353699	0.008754	0.4
1443	-0.157330	381.110293	24.305284	0.010852	0.4
1444	-0.095145	380.574164	24.337733	0.004406	0.4
1445	-0.138278	381.485317	24.282637	0.007731	0.4
1446	-0.125679	382.485317	24.222455	0.008031	0.4
1447	-0.118263	381.748727	24.266755	0.007613	0.5
1448	-0.118525	382.745530	24.206843	0.013244	0.5
1449	-0.123427	382.008940	24.251087	0.007649	0.5
1450	-0.117712	381.272378	24.295491	0.009735	0.8
1451	-0.127483	382.272378	24.235245	0.010880	0.5
1452	-0.111101	381.535787	24.279592	0.005307	0.5
1453	-0.101180	382.535787	24.219425	0.011590	0.5
1454	-0.149162	383.535787	24.159556	0.009067	0.5
1455	-0.136089	384.535787	24.099981	0.004617	0.5
1456	-0.115943	385.535787	24.040700	0.007861	0.4
1457	-0.095680	384.824681	24.082825	0.004831	0.4
1458	-0.129789	385.824681	24.023628	0.010789	0.5
1459	-0.103453	385.088390	24.067186	0.005200	0.4
1460	-0.127494	386.088390	24.008066	0.008330	0.4
1461	-0.111394	387.088390	23.949235	0.008475	0.4
1462	-0.119080	388.088390	23.890692	0.007217	0.4
1463	-0.130450	389.088390	23.832435	0.004069	0.4
1464	-0.129242	388.351800	23.875319	0.009739	0.5
1465	-0.124588	389.351784	23.817138	0.009956	0.5
1466	-0.144836	388.639120	23.858573	0.010203	0.4
1467	-0.135580	389.639120	23.800472	0.009803	0.5
1468	-0.114277	388.902530	23.843241	0.005960	0.4
1469	-0.096015	388.165960	23.886163	0.010762	0.4
1470	-0.135735	389.165942	23.827929	0.004581	0.4
1471	-0.158920	388.429353	23.870797	0.008718	0.8
1472	-0.097524	389.423646	23.812967	0.006918	0.5
1473	-0.107145	390.423646	23.755088	0.003756	0.4
1474	-0.105866	389.753679	23.793834	0.007385	0.4
1475	-0.129907	389.018677	23.836487	0.007316	0.5
1476	-0.166030	390.018677	23.778493	0.007669	0.7
1477	-0.119029	391.018606	23.720785	0.009734	0.5
1478	-0.134960	392.018606	23.663352	0.006233	0.5
1479	-0.105743	391.282016	23.705630	0.005911	0.8
1480	-0.123793	392.263581	23.649325	0.007527	0.6
1481	-0.114421	391.526990	23.691553	0.007240	0.4
1482	-0.127766	390.790415	23.733930	0.009008	0.4
1483	-0.141152	391.785694	23.676704	0.011418	0.5
1484	-0.110906	392.785694	23.619485	0.007747	0.5
1485	-0.123765	392.049104	23.661605	0.007456	0.4
1486	-0.134680	391.312514	23.703876	0.005556	0.5
1487	-0.108452	392.312266	23.646540	0.007386	0.5
1488	-0.142466	392.043556	23.661923	0.008089	0.5
1489	-0.113850	393.043544	23.604775	0.008996	0.5
1490	-0.105358	393.938141	23.553884	0.008819	0.5
1491	-0.126284	394.938141	23.497256	0.005403	0.5
1492	-0.130055	394.201550	23.538941	0.009599	0.5
1493	-0.128935	395.201549	23.482385	0.006803	0.5
1494	-0.127831	395.183879	23.483382	0.008568	0.4
1495	-0.129108	394.447289	23.525018	0.008091	0.5
1496	-0.131396	395.447222	23.468532	0.008476	0.5
1497	-0.113596	394.710632	23.510115	0.007888	0.5
1498	-0.133071	393.974042	23.551846	0.007568	0.5
1499	-0.101200	393.237582	23.593718	0.006278	0.5
1500	-0.113296	392.500992	23.635747	0.007535	0.5
1501	-0.127826	391.764402	23.677926	0.005157	0.5
1502	-0.114472	391.027812	23.720255	0.011060	0.7
1503	-0.143354	392.027812	23.662825	0.005132	0.6
1504	-0.099275	393.026666	23.605738	0.006251	0.6
1505	-0.147468	392.290292	23.647797	0.008766	0.6
1506	-0.121780	391.553702	23.690019	0.005530	0.5
1507	-0.114230	392.553702	23.632735	0.006103	0.5
1508	-0.142856	391.817112	23.674902	0.011862	0.5
1509	-0.116560	392.817097	23.617692	0.005900	0.5
1510	-0.126553	393.620760	23.571914	0.007001	0.4
1511	-0.126472	392.884170	23.613865	0.006989	0.5
1512	-0.150789	392.203390	23.652770	0.005192	0.5
1513	-0.115272	393.133708	23.599636	0.007633	0.5
1514	-0.125357	392.397118	23.641686	0.008077	0.4
1515	-0.121058	392.686008	23.625176	0.006906	0.5
1516	-0.118333	393.686008	23.568205	0.006770	0.5
1517	-0.132410	392.972763	23.608811	0.012306	0.5
1518	-0.119500	393.972763	23.551919	0.011017	0.4
1519	-0.103034	393.236173	23.593799	0.006041	0.4
1520	-0.132746	394.236173	23.536978	0.012089	0.4
1521	-0.118250	394.492932	23.522434	0.004893	0.4
1522	-0.107022	394.668585	23.512493	0.004756	0.4
1523	-0.100700	393.932265	23.554218	0.006288	0.5
1524	-0.111056	393.195675	23.596106	0.007205	0.5
1525	-0.129774	394.195674	23.539274	0.008171	0.4
1526	-0.130664	394.711189	23.510084	0.007993	0.4
1527	-0.131326	393.974806	23.551803	0.009148	0.5
1528	-0.135458	393.238215	23.593682	0.007154	0.5
1529	-0.109344	394.238215	23.536863	0.005954	0.5
1530	-0.136462	395.088403	23.488770	0.009297	0.4
1531	-0.132387	394.738787	23.508523	0.009921	0.4
1532	-0.122016	395.738787	23.452112	0.006521	0.5
1533	-0.139378	396.738787	23.395972	0.007580	0.4
1534	-0.148680	397.738787	23.340099	0.005321	0.7
1535	-0.131031	397.002197	23.381228	0.004754	0.5
1536	-0.108412	396.265671	23.422499	0.008271	0.5
1537	-0.118424	395.533926	23.463647	0.008849	0.5
1538	-0.126753	396.533866	23.407454	0.007666	0.4
1539	-0.124789	395.797276	23.448821	0.005382	0.4
1540	-0.124434	396.796250	23.392754	0.006329	0.5
1541	-0.113112	397.796154	23.336902	0.013621	0.5
1542	-0.101658	398.782466	23.282070	0.005028	0.4
1543	-0.126762	398.045876	23.322995	0.005006	0.4
1544	-0.141625	398.347859	23.306199	0.004700	0.5
1545	-0.130791	397.611270	23.347209	0.008290	0.4
1546	-0.130792	396.876383	23.388268	0.009437	0.4
1547	-0.143583	397.876383	23.332432	0.006911	0.4
1548	-0.116281	397.139793	23.373534	0.004604	0.4
1549	-0.102888	398.139793	23.317769	0.008883	0.4
1550	-0.120046	397.403204	23.358819	0.006967	0.4
1551	-0.123510	398.403204	23.303124	0.007218	0.4
1552	-0.117576	399.403202	23.247694	0.005741	0.4
1553	-0.108352	400.403201	23.192526	0.009772	0.5
1554	-0.113085	401.403201	23.137620	0.011827	0.5
1555	-0.135078	400.666611	23.178038	0.006988	0.5
1556	-0.102502	401.666608	23.123201	0.011877	0.5
1557	-0.116781	402.666608	23.068622	0.008217	0.5
1558	-0.142295	401.930018	23.108799	0.005393	0.5
1559	-0.115933	401.193428	23.149117	0.005594	0.4
1560	-0.099135	400.509249	23.186691	0.005774	0.4
1561	-0.144291	400.981495	23.160743	0.010713	0.5
1562	-0.132720	400.244904	23.201242	0.010024	0.5
1563	-0.128468	399.508314	23.241883	0.009244	0.5
1564	-0.102378	398.771724	23.282666	0.008616	0.5
1565	-0.156355	398.035402	23.323578	0.009482	1.1
1566	-0.143334	399.035402	23.268050	0.009059	0.7
1567	-0.124213	398.298812	23.308926	0.005780	0.6
1568	-0.124762	397.562222	23.349945	0.005488	0.6
1569	-0.122660	398.562220	23.294292	0.006999	0.5
1570	-0.106490	397.825631	23.335260	0.006700	0.5
1571	-0.123518	398.825631	23.279676	0.008291	0.5
1572	-0.128346	398.089041	23.320593	0.009857	0.5
1573	-0.135813	398.386073	23.304076	0.009180	0.5
1574	-0.123172	397.649484	23.345078	0.007458	0.5
1575	-0.131607	398.649484	23.289448	0.004705	0.5
1576	-0.138844	398.350598	23.306047	0.004943	0.5
1577	-0.112789	397.614009	23.347056	0.004291	0.7
1578	-0.094594	398.613028	23.291471	0.006951	0.4
1579	-0.133482	399.612216	23.236141	0.004916	0.5
1580	-0.111418	400.612216	23.181029	0.007613	0.5
1581	-0.126838	401.609712	23.126314	0.005410	0.5
1582	-0.118308	402.548544	23.075052	0.005667	0.5
1583	-0.124502	403.543312	23.020984	0.006239	0.4
1584	-0.093981	402.806722	23.060995	0.006572	0.5
1585	-0.161971	402.105546	23.099212	0.012353	0.4
1586	-0.135021	401.368957	23.139496	0.011777	0.5
1587	-0.120222	402.368957	23.084841	0.007536	0.8
1588	-0.093344	403.368957	23.030442	0.009614	0.5
1589	-0.117371	402.632367	23.070487	0.007478	0.5
1590	-0.132794	401.895777	23.110670	0.007544	0.5
1591	-0.131698	402.895776	23.056151	0.007521	0.5
1592	-0.117213	402.159186	23.096284	0.005993	0.5
1593	-0.133951	403.159186	23.041832	0.007733	0.5
1594	-0.100511	404.159184	22.987637	0.006358	0.8
1595	-0.140035	405.159184	22.933695	0.005031	0.8
1596	-0.127623	406.158721	22.880031	0.007294	0.6
1597	-0.128370	406.852448	22.842933	0.007685	0.4
1598	-0.114596	407.852448	22.789668	0.005830	0.5
1599	-0.106209	408.597349	22.750152	0.008841	0.5
1600	-0.151442	408.520876	22.754202	0.010877	0.5
1601	-0.132740	409.519044	22.701446	0.005567	0.7
1602	-0.127615	408.782453	22.740353	0.008548	0.5
1603	-0.141304	408.045863	22.779394	0.007591	0.6
1604	-0.132623	407.309273	22.818569	0.008978	0.5
1605	-0.117795	406.572683	22.857880	0.008885	0.5
1606	-0.119756	407.572683	22.804545	0.008917	0.5
1607	-0.150265	408.572683	22.751458	0.006075	0.5
1608	-0.135097	407.836097	22.790537	0.007608	0.5
1609	-0.103956	408.836097	22.737515	0.006868	0.5
1610	-0.129142	408.575676	22.751299	0.004776	0.5
1611	-0.112117	409.575203	22.698485	0.004942	0.4
1612	-0.140186	409.562361	22.699162	0.007509	0.5
1613	-0.130028	408.825771	22.738062	0.007554	0.5
1614	-0.117121	408.089206	22.777093	0.006844	0.4
1615	-0.119721	407.352616	22.816260	0.006020	0.5
1616	-0.144539	408.352615	22.763119	0.010291	0.5
1617	-0.121420	409.352550	22.710229	0.005311	0.5
1618	-0.110551	410.352547	22.657580	0.007266	0.5
1619	-0.105619	409.615957	22.696337	0.005906	0.5
1620	-0.114009	408.879367	22.735227	0.008520	0.5
1621	-0.124778	409.879367	22.682462	0.008151	0.5
1622	-0.133474	410.879367	22.629942	0.007778	0.5
1623	-0.125313	410.142778	22.668604	0.006908	0.4
1624	-0.111794	411.142776	22.616148	0.013953	0.5
1625	-0.104678	412.142776	22.563934	0.007193	0.7
1626	-0.141052	413.142776	22.511960	0.007799	0.6
1627	-0.121113	414.142776	22.460225	0.008728	0.5
1628	-0.129238	413.412130	22.498002	0.006101	0.5
1629	-0.119634	412.675540	22.536214	0.009985	0.5
1630	-0.110926	411.938949	22.574557	0.004645	0.5
1631	-0.117663	412.938949	22.522534	0.007603	0.4
1632	-0.113899	413.592015	22.488689	0.005402	0.4
1633	-0.117272	413.395844	22.498845	0.007194	0.4
1634	-0.110300	412.791577	22.530186	0.006857	0.5
1635	-0.129750	413.791577	22.478367	0.010922	0.4
1636	-0.120692	414.791577	22.426787	0.007907	0.5
1637	-0.149237	415.465533	22.392157	0.008926	0.5
1638	-0.122285	416.465533	22.340971	0.010561	0.5
1639	-0.097116	417.465533	22.290019	0.008107	0.5
1640	-0.127888	416.728942	22.327527	0.005687	0.4
1641	-0.122735	417.728942	22.276636	0.007882	0.5
1642	-0.107707	418.725818	22.226134	0.006940	0.5
1643	-0.107191	417.989633	22.263407	0.007224	0.5
1644	-0.138779	418.989569	22.212810	0.009241	0.5
1645	-0.116378	418.252979	22.250059	0.006770	0.4
1646	-0.148969	417.517082	22.287398	0.007454	0.5
1647	-0.147326	418.517082	22.236689	0.008718	0.5
1648	-0.108972	419.517082	22.186211	0.006039	0.5
1649	-0.138299	420.517082	22.135961	0.008881	0.6
1650	-0.085940	421.517082	22.085938	0.003892	0.5
1651	-0.133146	422.517082	22.036141	0.009686	0.5
1652	-0.127600	423.517078	21.986568	0.009457	0.5
1653	-0.123130	424.517078	21.937217	0.007152	0.5
1654	-0.128497	425.517078	21.888087	0.007316	0.5
1655	-0.116061	426.517078	21.839177	0.006428	0.5
1656	-0.147859	427.516816	21.790498	0.007695	1.0
1657	-0.131592	428.516683	21.742029	0.007550	0.7
1658	-0.128868	427.780093	21.777715	0.007338	0.6
1659	-0.126736	428.780093	21.729296	0.007866	0.4
1660	-0.104824	429.780093	21.681092	0.006795	0.5
1661	-0.122008	429.052173	21.716160	0.004665	0.5
1662	-0.121094	428.390018	21.748157	0.004595	0.5
1663	-0.127751	429.254620	21.706396	0.004467	0.5
1664	-0.138641	428.518030	21.741964	0.009114	0.4
1665	-0.113258	429.517991	21.693706	0.007171	0.5
1666	-0.127830	428.781401	21.729233	0.003709	0.6
1667	-0.129541	428.044828	21.764876	0.009127	0.5
1668	-0.143422	429.044828	21.716514	0.010561	0.5
1669	-0.111089	430.044828	21.668367	0.006229	0.5
1670	-0.120216	431.044828	21.620433	0.005769	0.5
1671	-0.099791	432.044155	21.572742	0.008918	0.5
1672	-0.109768	431.307569	21.607874	0.007450	0.5
1673	-0.119606	430.570979	21.643120	0.007553	0.5
1674	-0.126258	430.055862	21.667837	0.008333	0.5
1675	-0.135424	429.917562	21.674483	0.010156	0.5
1676	-0.124660	430.917562	21.626521	0.013971	0.6
1677	-0.127903	431.917562	21.578772	0.009491	0.8
1678	-0.110614	432.917562	21.531233	0.006546	0.7
1679	-0.130697	432.180972	21.566230	0.009998	0.5
1680	-0.116899	431.444381	21.601340	0.008560	0.4
1681	-0.111869	430.707791	21.636565	0.008139	0.4
1682	-0.132592	430.063814	21.667455	0.007053	0.5
1683	-0.115112	429.362425	21.701200	0.005291	0.5
1684	-0.113280	430.353814	21.653533	0.005594	0.5
1685	-0.120132	431.353778	21.605666	0.007987	0.4
1686	-0.124516	432.343275	21.558509	0.007766	0.7
1687	-0.122772	431.606708	21.593593	0.005832	0.5
1688	-0.137716	431.016351	21.621795	0.006306	0.5
1689	-0.114712	432.016337	21.574067	0.006123	0.5
1690	-0.127822	431.279747	21.609203	0.011483	0.5
1691	-0.149838	430.543159	21.644453	0.010392	0.5
1692	-0.085707	429.814762	21.679425	0.005474	0.5
1693	-0.124244	430.814762	21.631442	0.005550	0.4
1694	-0.119120	430.640668	21.639780	0.005818	0.5
1695	-0.141313	431.640667	21.591973	0.007179	0.5
1696	-0.142217	432.629204	21.544920	0.007026	0.5
1697	-0.099112	431.892619	21.579961	0.005940	0.5
1698	-0.113408	431.545882	21.596495	0.007893	0.5
1699	-0.125074	432.545870	21.548879	0.010458	0.5
1700	-0.137685	433.545870	21.501471	0.007102	0.5
1701	-0.104597	434.545870	21.454272	0.006044	0.4
1702	-0.123162	433.809280	21.489018	0.006974	0.4
1703	-0.104857	433.072690	21.523877	0.007809	0.5
1704	-0.138307	432.336100	21.558850	0.007931	0.6
1705	-0.116058	431.604477	21.593699	0.004522	0.4
1706	-0.129349	430.867961	21.628895	0.007183	0.4
1707	-0.169610	430.131370	21.664210	0.009649	0.5
1708	-0.106013	429.394781	21.699641	0.005512	0.5
1709	-0.121992	430.392738	21.651666	0.005757	0.4
1710	-0.115480	431.392738	21.603806	0.005176	0.5
1711	-0.131801	432.200024	21.565323	0.007199	0.5
1712	-0.130498	431.468974	21.600166	0.006301	0.5
1713	-0.140381	432.468974	21.552533	0.010522	0.5
1714	-0.134865	431.732384	21.587598	0.007081	0.5
1715	-0.132226	432.732384	21.540021	0.010151	0.5
1716	-0.145377	433.732384	21.492652	0.007130	0.4
1717	-0.108874	432.995798	21.527523	0.010156	0.6
1718	-0.113864	432.259207	21.562507	0.007101	0.6
1719	-0.120352	431.522617	21.597605	0.009777	0.5
1720	-0.122705	432.522617	21.549983	0.007154	0.5
1721	-0.139079	433.522617	21.502571	0.006093	0.4
1722	-0.097446	434.522617	21.455367	0.005233	0.5
1723	-0.124536	435.511105	21.408909	0.005370	0.5
1724	-0.147332	435.317168	21.418008	0.008304	0.5
1725	-0.129934	436.316933	21.371185	0.007744	0.5
1726	-0.138358	435.580342	21.405663	0.006071	0.5
1727	-0.142384	436.580342	21.358883	0.010034	0.5
1728	-0.127362	437.580342	21.312307	0.005382	0.5
1729	-0.132316	436.845324	21.346521	0.009899	0.5
1730	-0.100190	437.845324	21.299999	0.004424	0.5
1731	-0.129833	437.108734	21.334247	0.005243	0.5
1732	-0.121219	436.375013	21.368471	0.007370	0.4
1733	-0.113565	435.638615	21.402931	0.006669	0.5
1734	-0.141743	436.638576	21.356165	0.005913	0.5
1735	-0.107769	437.609535	21.310950	0.011888	0.5
1736	-0.124836	436.872946	21.345233	0.004782	0.5
1737	-0.134809	437.872946	21.298717	0.007210	0.5
1738	-0.136024	437.157970	21.331954	0.006922	0.5
1739	-0.127807	436.421380	21.366305	0.007741	0.5
1740	-0.133896	435.690168	21.400515	0.009721	0.5
1741	-0.120709	436.690168	21.353758	0.003910	0.5
1742	-0.110014	435.953578	21.388179	0.008771	0.5
1743	-0.131307	436.843651	21.346599	0.004742	0.5
1744	-0.114674	437.843650	21.300077	0.005040	0.6
1745	-0.141618	438.843583	21.253759	0.005591	0.5
1746	-0.137746	439.843583	21.207640	0.010493	0.5
1747	-0.107853	440.843583	21.161721	0.008121	1.1
1748	-0.153140	440.106993	21.195525	0.007030	0.6
1749	-0.109498	441.106993	21.149658	0.007066	0.6
1750	-0.117826	440.370406	21.183424	0.004440	0.5
1751	-0.143509	439.633831	21.217297	0.008859	0.5
1752	-0.121973	438.901630	21.251077	0.010331	0.5
1753	-0.138897	439.901630	21.204969	0.005290	0.5
1754	-0.132076	439.165040	21.238912	0.006710	0.5
1755	-0.130749	438.428455	21.272964	0.008404	0.5
1756	-0.133734	439.428455	21.226761	0.005148	0.4
1757	-0.148687	440.427932	21.180783	0.012022	0.5
1758	-0.101924	441.426262	21.135056	0.008777	0.5
1759	-0.116770	440.689672	21.168775	0.008275	0.5
1760	-0.100472	441.689644	21.123025	0.004528	0.5
1761	-0.100167	442.689574	21.077474	0.009280	0.5
1762	-0.114305	443.689574	21.032116	0.008586	0.4
1763	-0.131584	442.952984	21.065507	0.007992	0.5
1764	-0.125005	443.952984	21.020200	0.005616	0.5
1765	-0.137349	444.952984	20.975088	0.008772	0.5
1766	-0.125687	445.952984	20.930169	0.005697	0.4
1767	-0.124463	446.913183	20.887218	0.009505	0.5
1768	-0.124875	446.176593	20.920151	0.007741	0.5
1769	-0.139267	445.440003	20.953188	0.005338	0.4
1770	-0.141250	446.439788	20.908372	0.009176	0.5
1771	-0.128945	445.709121	20.941105	0.007820	0.5
1772	-0.133288	446.709121	20.896332	0.007192	0.5
1773	-0.137662	445.972531	20.929293	0.008499	0.4
1774	-0.118888	446.972531	20.884570	0.006786	0.5
1775	-0.140377	447.972531	20.840037	0.009122	0.5
1776	-0.084519	448.031923	20.837398	0.006234	0.5
1777	-0.119775	447.295333	20.870174	0.009773	0.7
1778	-0.101629	446.561693	20.902920	0.004358	0.9
1779	-0.100117	445.830052	20.935681	0.010837	0.6
1780	-0.122157	446.798808	20.892325	0.007367	0.6
1781	-0.157178	446.062218	20.925274	0.008576	0.5
1782	-0.125445	445.578537	20.946966	0.008382	0.6
1783	-0.106321	444.841947	20.980088	0.005031	0.7
1784	-0.114537	444.105357	21.013314	0.008779	0.4
1785	-0.142848	443.369680	21.046604	0.006975	0.5
1786	-0.119305	444.309077	21.004114	0.007181	0.5
1787	-0.135115	443.572499	21.037416	0.005839	0.5
1788	-0.145773	444.572499	20.992230	0.009041	0.5
1789	-0.126969	444.039986	21.016268	0.008936	0.5
1790	-0.126000	445.039986	20.971172	0.013255	0.5
1791	-0.130138	446.039986	20.926270	0.007163	0.5
1792	-0.112800	447.039981	20.881560	0.006096	0.5
1793	-0.135285	448.034507	20.837283	0.006848	0.5
1794	-0.123520	449.032473	20.793042	0.005826	0.5
1795	-0.133860	450.032473	20.748898	0.010725	0.4
1796	-0.131348	449.295882	20.781396	0.007255	0.4
1797	-0.147233	450.295882	20.737302	0.008219	0.5
1798	-0.137231	451.091573	20.702350	0.016573	0.5
1799	-0.116619	452.091573	20.658590	0.007008	0.9
1800	-0.118976	453.091449	20.615020	0.006261	0.5
1801	-0.138254	454.091449	20.571629	0.009432	0.5
1802	-0.131219	455.091449	20.528419	0.006957	0.4
1803	-0.105526	454.354859	20.560229	0.006489	0.4
1804	-0.145897	455.354859	20.517068	0.009073	0.5
1805	-0.115016	454.618268	20.548842	0.004956	0.5
1806	-0.144638	453.890958	20.580314	0.009118	0.4
1807	-0.131147	453.981858	20.576375	0.007872	0.6
1808	-0.123484	454.981858	20.533146	0.006494	0.6
1809	-0.110286	454.449226	20.556148	0.005584	0.5
1810	-0.147301	455.448937	20.513016	0.006508	0.5
1811	-0.122602	454.712347	20.544779	0.010507	0.5
1812	-0.097334	453.975757	20.576639	0.003792	0.5
1813	-0.110531	454.975755	20.533409	0.008652	0.5
1814	-0.111399	454.282636	20.563354	0.006119	0.5
1815	-0.116812	454.517008	20.553218	0.005378	0.4
1816	-0.140941	455.517008	20.510086	0.009482	0.5
1817	-0.110719	454.780418	20.541839	0.007465	0.7
1818	-0.139543	454.043828	20.573691	0.010704	0.5
1819	-0.119592	453.307238	20.605641	0.009146	0.5
1820	-0.141462	454.307238	20.562289	0.007876	0.5
1821	-0.125807	455.307238	20.519119	0.006955	0.5
1822	-0.134305	456.307238	20.476130	0.009311	0.5
1823	-0.129830	457.307238	20.433320	0.006703	0.5
1824	-0.108912	456.570658	20.464835	0.008403	0.5
1825	-0.116955	455.834068	20.496448	0.007700	0.5
1826	-0.119646	456.834068	20.453554	0.011567	0.5
1827	-0.128937	457.834068	20.410839	0.008767	0.5
1828	-0.129736	458.834068	20.368301	0.012436	0.5
1829	-0.118926	458.097478	20.399617	0.007534	0.5
1830	-0.127380	457.458668	20.426853	0.006942	0.5
1831	-0.107995	456.722078	20.458349	0.005369	0.5
1832	-0.115965	457.722078	20.415613	0.005717	0.5
1833	-0.116227	458.605087	20.378026	0.008634	0.6
1834	-0.125502	457.868497	20.409371	0.009355	0.5
1835	-0.126042	458.868497	20.366840	0.007839	0.5
1836	-0.126404	458.131908	20.398151	0.007024	0.5
1837	-0.109194	457.395318	20.429558	0.010138	0.7
1838	-0.118398	456.658729	20.461062	0.006759	0.7
1839	-0.133184	457.658729	20.418315	0.006993	0.6
1840	-0.109857	456.922145	20.449784	0.008317	0.6
1841	-0.125910	456.185555	20.481351	0.009170	0.5
1842	-0.138592	455.448964	20.513015	0.006742	0.5
1843	-0.129864	456.448964	20.470051	0.008096	0.5
1844	-0.108355	455.712374	20.501681	0.004978	0.5
1845	-0.119057	455.010400	20.531915	0.007617	0.5
1846	-0.126378	454.279848	20.563474	0.006362	0.5
1847	-0.121996	455.279848	20.520299	0.004707	0.5
1848	-0.104777	456.279778	20.477308	0.004952	0.4
1849	-0.132093	457.083736	20.442873	0.011135	0.5
1850	-0.121516	456.347146	20.474418	0.006327	0.6
1851	-0.111837	455.610556	20.506060	0.007514	0.5
1852	-0.127306	455.945895	20.491643	0.007848	0.5
1853	-0.127590	455.209305	20.523339	0.008707	0.5
1854	-0.099395	454.472715	20.555133	0.004833	0.6
1855	-0.105067	453.737287	20.586975	0.010224	0.5
1856	-0.115589	454.737287	20.543702	0.009719	0.5
1857	-0.126940	455.737287	20.500609	0.006615	0.5
1858	-0.119394	455.000697	20.532333	0.007347	0.5
1859	-0.144965	456.000478	20.489298	0.008845	0.6
1860	-0.132688	457.000478	20.446433	0.006414	0.5
1861	-0.133648	457.827846	20.411104	0.014078	0.5
1862	-0.146574	457.091256	20.442551	0.009172	0.5
1863	-0.111781	458.091256	20.399882	0.006432	0.5
1864	-0.135821	459.082256	20.357771	0.005870	0.5
1865	-0.128709	460.082256	20.315455	0.006403	0.5
1866	-0.136711	461.082250	20.273314	0.004885	0.5
1867	-0.183659	461.989152	20.235247	0.004717	0.8
1868	-0.105051	461.483159	20.256468	0.007461	0.5
1869	-0.116515	462.471232	20.215070	0.005985	0.5
1870	-0.113381	461.734641	20.245916	0.007982	0.5
1871	-0.150300	462.734641	20.204062	0.010359	0.5
1872	-0.117398	461.998118	20.234872	0.005831	0.5
1873	-0.109375	461.261528	20.265778	0.010130	0.6
1874	-0.156704	462.261528	20.223842	0.007434	0.5
1875	-0.113502	461.966482	20.236197	0.007963	0.4
1876	-0.137381	461.261874	20.265763	0.012094	0.5
1877	-0.105115	462.261874	20.223828	0.006893	0.4
1878	-0.126111	463.261874	20.182065	0.008218	0.5
1879	-0.138022	464.261722	20.140482	0.013855	0.5
1880	-0.101966	465.261722	20.099063	0.007714	0.4
1881	-0.144471	464.525132	20.129555	0.006837	0.4
1882	-0.113744	465.525131	20.088181	0.009130	0.5
1883	-0.099703	466.327054	20.055125	0.005712	0.5
1884	-0.119032	465.590463	20.085484	0.009960	0.4
1885	-0.144038	464.853988	20.115930	0.012763	0.5
1886	-0.114693	464.117402	20.146473	0.010085	0.4
1887	-0.141160	465.117400	20.105030	0.007535	0.5
1888	-0.098503	464.392889	20.135039	0.006774	0.4
1889	-0.113974	465.392883	20.093643	0.008472	0.5
1890	-0.130133	466.392883	20.052416	0.004594	0.5
1891	-0.128848	465.819988	20.076014	0.008234	0.4
1892	-0.122362	465.083422	20.106435	0.008383	0.4
1893	-0.121523	464.346832	20.136950	0.005921	0.4
1894	-0.139658	465.346832	20.095545	0.008508	0.5
1895	-0.121262	466.346832	20.054311	0.004512	0.5
1896	-0.104649	467.346832	20.013245	0.006214	0.4
1897	-0.102927	466.620766	20.043045	0.006964	0.4
1898	-0.131542	467.620766	20.002025	0.007393	0.5
1899	-0.142791	468.620766	19.961173	0.011322	0.7
1900	-0.118276	469.620766	19.920488	0.004001	0.5
1901	-0.124135	468.884175	19.950440	0.005580	0.4
1902	-0.122108	468.147587	19.980483	0.005885	0.5
1903	-0.106910	468.885548	19.950384	0.005275	0.5
1904	-0.148773	468.148965	19.980426	0.007601	0.5
1905	-0.101114	469.148965	19.939662	0.007382	0.5
1906	-0.125650	468.412374	19.969673	0.005313	0.5
1907	-0.114122	467.676479	19.999745	0.004594	0.4
1908	-0.161376	468.603949	19.961859	0.011234	0.4
1909	-0.105572	467.867359	19.991936	0.004089	0.5
1910	-0.110474	467.130769	20.022104	0.008406	0.5
1911	-0.130750	468.130769	19.981170	0.007452	0.5
1912	-0.102691	467.476217	20.007944	0.007645	0.4
1913	-0.128634	468.476217	19.967068	0.007306	0.4
1914	-0.097769	469.476217	19.926358	0.007900	0.4
1915	-0.150192	470.476217	19.885814	0.006235	0.4
1916	-0.136150	469.773971	19.914269	0.005125	0.4
1917	-0.116575	469.387416	19.929967	0.008087	0.4
1918	-0.116833	470.386282	19.889454	0.004970	0.5
1919	-0.149150	469.654190	19.919131	0.006241	0.5
1920	-0.091928	470.647234	19.878897	0.006585	0.4
1921	-0.147096	469.917455	19.908448	0.008785	0.4
1922	-0.129239	470.917455	19.867977	0.005220	0.4
1923	-0.084150	471.917455	19.827670	0.005811	0.4
1924	-0.126110	472.917293	19.787533	0.009667	0.4
1925	-0.137770	473.917248	19.747554	0.012744	0.8
1926	-0.108889	473.180658	19.776988	0.009319	0.5
1927	-0.082292	474.180658	19.737049	0.004599	0.5
1928	-0.093460	475.180658	19.697271	0.005003	0.4
1929	-0.126288	474.719806	19.715583	0.005198	0.4
1930	-0.142481	474.000288	19.744241	0.007399	0.4
1931	-0.155047	473.263698	19.773665	0.008931	0.5
1932	-0.116686	472.527108	19.803177	0.007294	0.6
1933	-0.132786	473.084997	19.780817	0.004507	0.5
1934	-0.149377	472.349303	19.810315	0.006783	0.5
1935	-0.128786	471.613827	19.839891	0.009357	0.5
1936	-0.096336	472.613827	19.799698	0.005040	0.4
1937	-0.122421	473.613827	19.759668	0.005471	0.5
1938	-0.118662	472.877254	19.789137	0.006910	0.4
1939	-0.130491	473.306157	19.771967	0.009880	0.4
1940	-0.150341	472.569567	19.801474	0.013995	0.4
1941	-0.124354	473.569567	19.761436	0.006121	0.4
1942	-0.121166	474.569567	19.721560	0.006806	0.4
1943	-0.146202	475.556964	19.682344	0.005502	0.4
1944	-0.127796	474.820374	19.711584	0.008634	0.4
1945	-0.140925	474.083881	19.740907	0.008125	0.4
1946	-0.129257	473.347291	19.770321	0.007019	0.5
1947	-0.103619	474.347291	19.730409	0.006735	0.4
1948	-0.134642	475.347290	19.690658	0.006255	0.4
1949	-0.111310	476.243266	19.655178	0.007089	0.4
1950	-0.156519	475.521125	19.683764	0.010094	0.4
1951	-0.160179	476.521125	19.644201	0.008435	0.4
1952	-0.140403	475.784543	19.673327	0.008697	0.8
1953	-0.107356	475.047953	19.702540	0.005145	0.5
1954	-0.101531	475.848006	19.670814	0.007480	0.5
1955	-0.124566	476.847418	19.631326	0.005157	0.5
1956	-0.134216	477.845204	19.592059	0.005889	0.5
1957	-0.139582	478.845200	19.552863	0.007286	0.4
1958	-0.109299	478.108610	19.581720	0.005110	0.4
1959	-0.115824	479.108610	19.542565	0.005805	0.4
1960	-0.108864	480.108610	19.503566	0.010512	0.5
1961	-0.133961	481.108610	19.464723	0.005855	0.5
1962	-0.112166	480.372150	19.493314	0.006265	0.5
1963	-0.119785	479.635560	19.521995	0.008535	0.5
1964	-0.126959	478.898996	19.550759	0.005784	0.7
1965	-0.132657	479.896887	19.511810	0.008534	0.7
1966	-0.130611	480.896887	19.472934	0.009671	0.5
1967	-0.123086	480.160343	19.501553	0.008524	0.5
1968	-0.124699	479.423753	19.530258	0.010500	0.5
1969	-0.110063	478.687163	19.559047	0.006856	0.5
1970	-0.110346	477.950573	19.587922	0.007588	0.5
1971	-0.129862	478.950573	19.548742	0.004957	0.5
1972	-0.096104	479.923690	19.510766	0.007807	0.5
1973	-0.103815	480.923605	19.471897	0.005554	0.5
1974	-0.103200	481.923603	19.433180	0.005630	0.4
1975	-0.105132	481.187017	19.461684	0.009954	0.5
1976	-0.112972	482.187005	19.423007	0.004681	0.5
1977	-0.107404	483.187004	19.384484	0.008252	0.5
1978	-0.102204	484.186855	19.346119	0.009875	0.5
1979	-0.150005	485.186855	19.307899	0.008444	0.5
1980	-0.105592	486.186855	19.269831	0.010147	0.6
1981	-0.140682	487.186855	19.231912	0.005469	0.4
1982	-0.103843	488.186855	19.194142	0.006006	0.5
1983	-0.142132	487.855587	19.206638	0.010067	0.4
1984	-0.128116	487.119003	19.234480	0.009181	0.4
1985	-0.127048	488.119003	19.196700	0.007734	0.5
1986	-0.110276	487.382413	19.224514	0.006763	0.4
1987	-0.118074	488.382151	19.186783	0.003864	0.5
1988	-0.126292	489.380859	19.149239	0.006761	0.4
1989	-0.128950	490.373281	19.112076	0.006988	0.5
1990	-0.115145	489.636691	19.139645	0.006764	0.4
1991	-0.128137	490.636657	19.102237	0.009203	0.4
1992	-0.125181	489.900068	19.129778	0.008911	0.5
1993	-0.137375	489.163478	19.157398	0.006211	0.5
1994	-0.106605	489.843880	19.131882	0.008762	0.5
1995	-0.112820	489.123553	19.158897	0.009993	0.8
1996	-0.150828	488.386963	19.186602	0.008550	0.6
1997	-0.137574	489.386963	19.149010	0.012011	0.5
1998	-0.159189	488.910341	19.166909	0.006647	0.5
1999	-0.137197	489.910341	19.129393	0.007343	0.5
