1:ItNr	2:Metric	3a:Time	3b:StepSize	4:||Gradient||	Time[ms]
0	-0.000050	0.000000	1.720979	0.000152	45.1
1	-0.002797	0.000000	1.720979	0.017645	0.4
2	-0.000065	0.000000	1.720979	0.000089	0.5
3	-0.003760	0.000000	1.720979	0.015797	0.5
4	-0.010590	0.000000	1.720979	0.013445	0.4
5	-0.003283	0.994966	1.643129	0.017046	0.4
6	-0.011485	0.014746	1.719772	0.007946	0.4
7	-0.000044	0.548676	1.677159	0.000058	0.4
8	-0.002825	0.542716	1.677623	0.006712	0.3
9	-0.004400	0.539742	1.677855	0.005677	0.4
10	-0.009811	0.264750	1.699553	0.012315	0.4
11	-0.004091	0.962316	1.645572	0.014184	0.4
12	-0.010993	0.000000	1.720979	0.003288	0.8
13	-0.004395	0.012248	1.719976	0.002772	0.3
14	-0.003791	0.146560	1.709052	0.005859	0.6
15	-0.004382	0.316367	1.695437	0.012346	0.4
16	-0.002565	0.000000	1.720979	0.005679	0.5
17	-0.002848	0.000000	1.720979	0.008190	0.5
18	-0.003093	0.000000	1.720979	0.012731	0.5
19	-0.000049	0.874573	1.652172	0.000037	0.4
20	-0.003691	0.878077	1.651908	0.005063	0.4
21	-0.002935	0.879790	1.651778	0.009086	0.4
22	-0.011773	1.135056	1.632730	0.010633	0.4
23	-0.003303	2.051116	1.567844	0.002549	0.4
24	-0.003732	2.131808	1.562375	0.003297	0.4
25	-0.014062	2.118750	1.563258	0.018821	0.4
26	-0.009430	2.497526	1.538058	0.022958	0.7
27	-0.007323	3.497237	1.475291	0.004005	0.4
28	-0.004247	2.817457	1.517398	0.021673	0.3
29	-0.003640	2.083975	1.565613	0.005812	0.4
30	-0.003306	2.908738	1.511605	0.026437	0.4
31	-0.011440	1.940824	1.575382	0.014025	0.4
32	-0.006885	0.959290	1.645798	0.020271	0.4
33	-0.003714	1.093056	1.635834	0.009869	0.3
34	-0.005685	0.115848	1.711537	0.014268	0.4
35	-0.003437	0.881187	1.651673	0.010253	0.4
36	-0.004978	1.722863	1.590493	0.061302	0.4
37	-0.011052	2.722863	1.523449	0.016980	0.5
38	-0.014337	1.741173	1.589213	0.013497	0.4
39	-0.002225	0.778991	1.659423	0.047904	0.5
40	-0.014391	0.000000	1.720979	0.011449	0.4
41	-0.009738	0.000000	1.720979	0.025380	0.3
42	-0.000055	0.999885	1.642761	0.000061	0.4
43	-0.010819	1.020457	1.641227	0.014338	0.4
44	-0.003691	1.007606	1.642185	0.017781	0.4
45	-0.003411	0.027298	1.718745	0.007983	0.4
46	-0.015977	0.000000	1.720979	0.014664	0.4
47	-0.013605	0.959529	1.645780	0.013030	0.4
48	-0.004479	1.951825	1.574627	0.002532	0.7
49	-0.011023	1.478578	1.607778	0.052739	0.4
50	-0.007615	0.514691	1.679809	0.016433	0.4
51	-0.003981	1.514691	1.605199	0.028512	0.4
52	-0.007174	0.532993	1.678381	0.008746	0.4
53	-0.005813	0.000000	1.720979	0.040397	0.7
54	-0.003142	0.993038	1.643273	0.008225	0.5
55	-0.003730	1.402497	1.613238	0.000213	0.5
56	-0.003975	1.392386	1.613967	0.015468	0.4
57	-0.001988	1.363548	1.616048	0.048612	0.4
58	-0.000041	2.363548	1.546878	0.000065	0.4
59	-0.000339	2.341057	1.548369	0.014067	0.4
60	-0.003690	2.334181	1.548825	0.019536	0.5
61	-0.004430	3.313414	1.486445	0.001729	0.4
62	-0.003802	2.904957	1.511844	0.004523	0.4
63	-0.008729	2.978544	1.507204	0.011540	0.4
64	-0.003779	3.266728	1.489305	0.001187	0.4
65	-0.005583	3.237737	1.491087	0.006751	0.4
66	-0.000040	3.155291	1.496176	0.000000	0.3
67	-0.004045	3.155288	1.496176	0.014685	0.4
68	-0.006147	3.155303	1.496175	0.039446	0.4
69	-0.003650	4.155302	1.436698	0.003054	0.4
70	-0.008156	5.060961	1.386770	0.006943	0.4
71	-0.003420	5.135889	1.382794	0.066649	0.4
72	-0.000082	6.129307	1.332159	0.000069	0.4
73	-0.002599	6.054099	1.335863	0.011511	0.4
74	-0.012979	6.056604	1.335739	0.054566	0.4
75	-0.006908	7.056599	1.288131	0.023715	0.3
76	-0.004915	6.074901	1.334836	0.018055	0.5
77	-0.003572	7.074900	1.287291	0.011626	0.4
78	-0.000019	6.133640	1.331947	0.000080	0.4
79	-0.009171	6.149968	1.331146	0.039633	0.4
80	-0.006780	6.161699	1.330571	0.029556	0.4
81	-0.009907	7.161699	1.283323	0.026563	0.3
82	-0.003144	8.161698	1.239316	0.052069	0.3
83	-0.013850	7.180049	1.282488	0.024106	0.4
84	-0.006937	8.180049	1.238537	0.013961	0.4
85	-0.004924	9.176497	1.197639	0.008991	0.4
86	-0.003165	8.363879	1.230783	0.016206	0.4
87	-0.000047	7.398948	1.272602	0.000014	0.4
88	-0.000055	7.394991	1.272779	0.000025	0.4
89	-0.000021	7.394997	1.272779	0.000033	0.3
90	-0.007450	7.394983	1.272780	0.010365	0.4
91	-0.011361	7.395783	1.272744	0.027212	0.4
92	-0.000028	7.017285	1.289938	0.003240	0.5
93	-0.003215	7.694536	1.259493	0.001346	0.4
94	-0.007770	7.633715	1.262168	0.017769	0.4
95	-0.009699	8.024061	1.245193	0.050902	0.4
96	-0.007650	8.286434	1.234038	0.025735	0.4
97	-0.019512	7.312855	1.276472	0.023084	0.4
98	-0.003267	6.331206	1.322319	0.025427	0.3
99	-0.003783	7.316992	1.276285	0.009015	0.3
100	-0.003078	6.700168	1.304706	0.011604	0.4
101	-0.002923	5.802248	1.348415	0.025736	0.4
102	-0.000050	6.802006	1.299926	0.000085	0.3
103	-0.009389	6.769349	1.301455	0.009470	0.3
104	-0.006878	6.765674	1.301627	0.010038	0.4
105	-0.004167	7.444794	1.270551	0.015601	0.4
106	-0.003584	6.480756	1.315123	0.021028	0.4
107	-0.006805	7.471772	1.269347	0.028928	0.4
108	-0.006614	6.490074	1.314677	0.007441	0.4
109	-0.008384	7.018651	1.289875	0.033633	0.4
110	-0.004430	6.042850	1.336418	0.006987	0.3
111	-0.000042	6.968081	1.292207	0.000031	0.4
112	-0.005982	6.966385	1.292286	0.030691	0.3
113	-0.004219	6.958715	1.292640	0.019210	0.4
114	-0.003712	5.977020	1.339680	0.017001	0.4
115	-0.007006	6.976860	1.291802	0.021918	0.4
116	-0.005577	7.934492	1.249048	0.035892	0.4
117	-0.012781	6.952795	1.292914	0.061323	0.4
118	-0.008169	7.952795	1.248258	0.036232	0.3
119	-0.006706	8.952795	1.206584	0.007931	0.4
120	-0.002689	8.098025	1.242028	0.009386	0.5
121	-0.003289	7.861562	1.252204	0.002409	0.4
122	-0.003560	7.899299	1.250569	0.025344	0.4
123	-0.004514	8.585838	1.221549	0.000039	0.4
124	-0.003379	8.601278	1.220912	0.006742	0.4
125	-0.002960	8.599949	1.220967	0.074382	0.4
126	-0.011348	7.618309	1.262848	0.018594	0.4
127	-0.008708	6.636906	1.307692	0.051697	0.4
128	-0.003516	5.660028	1.355609	0.006763	0.4
129	-0.006692	6.660002	1.306600	0.011227	0.4
130	-0.000045	5.916761	1.342679	0.000014	0.7
131	-0.000030	5.916456	1.342694	0.000049	0.6
132	-0.000042	5.916456	1.342694	0.000032	0.4
133	-0.006408	5.916435	1.342695	0.014810	0.4
134	-0.006785	5.915105	1.342761	0.009088	0.4
135	-0.003796	5.010567	1.389457	0.006841	0.4
136	-0.001598	5.287802	1.374804	0.050787	0.3
137	-0.003309	6.282452	1.324682	0.009838	0.4
138	-0.012250	7.282421	1.277845	0.007626	0.5
139	-0.003040	7.837646	1.253242	0.020000	0.4
140	-0.000032	8.638587	1.219375	0.000010	0.4
141	-0.011703	8.639790	1.219326	0.025328	0.4
142	-0.000043	8.641616	1.219251	0.000010	0.4
143	-0.014224	8.645243	1.219102	0.018892	0.4
144	-0.003258	8.642848	1.219200	0.014644	0.3
145	-0.015128	7.667748	1.260670	0.031063	0.4
146	-0.015639	6.686095	1.305369	0.019658	0.7
147	-0.000036	7.686095	1.259863	0.000027	0.4
148	-0.004164	7.695251	1.259461	0.014529	0.5
149	-0.004564	7.701772	1.259175	0.049989	0.4
150	-0.007237	8.701772	1.216781	0.013235	0.5
151	-0.000029	9.701772	1.177149	0.000032	0.4
152	-0.013169	9.705475	1.177007	0.035631	0.4
153	-0.003437	9.693383	1.177471	0.019772	0.4
154	-0.011530	8.711686	1.216375	0.007100	0.4
155	-0.007250	9.062205	1.202193	0.006087	0.4
156	-0.003259	8.617814	1.220231	0.006151	0.4
157	-0.009077	8.895324	1.208904	0.016504	0.4
158	-0.005436	9.302422	1.192663	0.012266	0.4
159	-0.004465	8.641414	1.219259	0.007374	0.4
160	-0.000037	9.515926	1.184318	0.000029	0.6
161	-0.001971	9.514601	1.184369	0.012329	0.4
162	-0.004535	9.510868	1.184514	0.000027	0.4
163	-0.003215	9.506821	1.184672	0.010475	0.4
164	-0.000068	9.508116	1.184621	0.000007	0.4
165	-0.000054	9.507528	1.184644	0.000124	0.5
166	-0.005772	9.507516	1.184645	0.045384	0.4
167	-0.004497	9.499621	1.184951	0.003501	0.4
168	-0.002872	10.491822	1.147617	0.003157	0.4
169	-0.000052	10.612643	1.143231	0.000049	0.4
170	-0.002735	10.612293	1.143244	0.008918	0.4
171	-0.000059	10.617949	1.143039	0.001973	0.4
172	-0.004263	10.743731	1.138510	0.019634	0.4
173	-0.011225	10.630818	1.142574	0.032749	0.4
174	-0.010732	11.630818	1.107559	0.032562	0.4
175	-0.010547	10.649120	1.141914	0.020123	0.4
176	-0.003050	9.667500	1.178465	0.014222	0.6
177	-0.004511	10.665851	1.141310	0.000047	0.4
178	-0.000061	10.675347	1.140968	0.000102	0.6
179	-0.003008	10.675408	1.140966	0.029843	0.4
180	-0.007347	10.702593	1.139988	0.021908	0.4
181	-0.007276	9.720895	1.176416	0.010776	0.6
182	-0.003571	10.719851	1.139367	0.013949	0.4
183	-0.011636	11.655872	1.106709	0.024226	0.3
184	-0.012866	10.677734	1.140882	0.066751	0.4
185	-0.006765	9.696036	1.177369	0.009196	0.4
186	-0.005391	8.714384	1.216265	0.038243	0.4
187	-0.003288	9.588636	1.181503	0.007153	0.4
188	-0.007823	8.640862	1.219282	0.011550	0.4
189	-0.007623	9.007535	1.204383	0.006445	0.4
190	-0.007342	9.864068	1.170959	0.011722	0.4
191	-0.004143	9.728447	1.176127	0.001008	0.4
192	-0.003898	9.797840	1.173477	0.008735	0.3
193	-0.003611	9.807058	1.173126	0.024027	0.4
194	-0.008454	10.729652	1.139015	0.008189	0.4
195	-0.003619	9.846462	1.171627	0.004474	0.4
196	-0.000054	10.206419	1.158113	0.000065	0.4
197	-0.007416	10.206942	1.158094	0.001682	0.3
198	-0.007156	10.208671	1.158030	0.010896	0.4
199	-0.010729	9.955835	1.167488	0.029193	0.4
200	-0.000046	10.955677	1.130959	0.000037	0.4
201	-0.004494	10.964471	1.130648	0.000864	0.4
202	-0.004580	10.963935	1.130667	0.000016	0.7
203	-0.012736	10.963979	1.130665	0.025489	0.5
204	-0.008226	10.959598	1.130820	0.037551	0.4
205	-0.000041	9.977901	1.166656	0.000077	0.6
206	-0.000032	9.971116	1.166912	0.000072	0.5
207	-0.008140	9.971021	1.166915	0.019641	0.4
208	-0.000054	9.993124	1.166083	0.000008	0.4
209	-0.008161	9.990477	1.166183	0.003990	0.4
210	-0.000038	9.990888	1.166167	0.000003	0.4
211	-0.007065	9.990937	1.166166	0.012118	0.4
212	-0.015245	9.991166	1.166157	0.018607	0.4
213	-0.022189	10.958704	1.130852	0.031104	0.4
214	-0.016754	9.977008	1.166690	0.054679	0.4
215	-0.010720	10.977008	1.130205	0.058184	0.3
216	-0.000065	11.977008	1.095932	0.000066	0.4
217	-0.010014	11.932180	1.097424	0.016748	0.4
218	-0.004812	11.947364	1.096918	0.049717	0.4
219	-0.003852	12.342024	1.083934	0.013668	0.3
220	-0.000053	13.342022	1.052371	0.000072	0.4
221	-0.000024	13.339078	1.052462	0.000029	0.4
222	-0.011342	13.339074	1.052462	0.031619	0.4
223	-0.004421	13.332919	1.052650	0.009777	0.4
224	-0.013254	12.351268	1.083634	0.043166	0.4
225	-0.014751	11.960595	1.096478	0.026085	0.4
226	-0.007487	10.978905	1.130138	0.016494	0.4
227	-0.010059	9.997225	1.165929	0.018939	0.4
228	-0.004201	9.049396	1.202705	0.021866	0.5
229	-0.000046	10.049380	1.163971	0.000002	0.4
230	-0.003579	10.049638	1.163961	0.004180	0.4
231	-0.007798	10.049607	1.163962	0.012927	0.4
232	-0.009656	9.509650	1.184562	0.018130	0.4
233	-0.000023	10.165971	1.159616	0.000003	0.4
234	-0.005689	10.165517	1.159633	0.016067	0.4
235	-0.010031	10.166300	1.159604	0.044330	0.4
236	-0.008370	9.184602	1.197318	0.008309	0.4
237	-0.000049	8.202914	1.237567	0.000054	0.4
238	-0.009836	8.195160	1.237896	0.042037	0.5
239	-0.000054	8.203763	1.237531	0.000042	0.4
240	-0.015045	8.172531	1.238856	0.024936	0.5
241	-0.007887	8.167602	1.239065	0.000438	0.6
242	-0.003296	8.035333	1.244710	0.005168	0.4
243	-0.001556	8.040100	1.244505	0.026224	0.4
244	-0.006980	7.413204	1.271964	0.016507	0.4
245	-0.006771	8.413140	1.228722	0.021060	0.4
246	-0.004040	9.068914	1.201924	0.007299	0.3
247	-0.000048	8.123511	1.240941	0.000014	0.4
248	-0.004469	8.124219	1.240911	0.056314	0.4
249	-0.004328	8.116252	1.241250	0.019187	0.4
250	-0.002866	7.134554	1.284561	0.003842	0.4
251	-0.003889	7.130579	1.284743	0.014370	0.4
252	-0.005775	6.895230	1.295582	0.014324	0.3
253	-0.003906	6.278495	1.324874	0.022847	0.4
254	-0.006265	5.299174	1.374209	0.005738	0.4
255	-0.003148	5.656110	1.355808	0.033698	0.4
256	-0.003868	4.736302	1.404264	0.012364	0.4
257	-0.008513	3.754634	1.459951	0.010517	0.4
258	-0.000012	3.012850	1.505051	0.000013	0.4
259	-0.004669	3.012415	1.505078	0.063175	0.4
260	-0.000032	3.005809	1.505492	0.000061	0.4
261	-0.012391	3.049302	1.502770	0.027501	0.4
262	-0.000054	3.049120	1.502781	0.000018	0.4
263	-0.000035	3.052290	1.502583	0.000045	0.4
264	-0.006679	3.052286	1.502583	0.011286	0.4
265	-0.007203	3.052014	1.502600	0.011611	0.4
266	-0.006254	3.987957	1.446319	0.019670	0.4
267	-0.007156	3.833393	1.455321	0.020128	0.3
268	-0.013938	4.833379	1.398987	0.053758	0.4
269	-0.000036	5.833379	1.346851	0.000020	0.4
270	-0.003497	5.823655	1.347339	0.000040	0.5
271	-0.006897	5.823655	1.347339	0.008235	0.4
272	-0.004082	5.827825	1.347130	0.011035	0.5
273	-0.003439	6.497618	1.314316	0.030258	0.4
274	-0.000052	7.467466	1.269539	0.000031	0.4
275	-0.000063	7.480334	1.268966	0.000038	0.4
276	-0.010740	7.480346	1.268965	0.019937	0.4
277	-0.004092	7.491694	1.268460	0.004847	0.4
278	-0.003258	8.207258	1.237383	0.026933	0.7
279	-0.007364	9.130678	1.199461	0.022213	0.4
280	-0.006671	10.130678	1.160931	0.006579	0.4
281	-0.008375	9.160521	1.198274	0.025845	0.3
282	-0.004501	10.079976	1.162825	0.000105	0.4
283	-0.004062	10.036207	1.164465	0.016867	0.4
284	-0.002740	10.036256	1.164463	0.015037	0.4
285	-0.011263	10.629452	1.142624	0.010191	0.4
286	-0.002851	11.364963	1.116657	0.007125	0.4
287	-0.000031	10.685861	1.140590	0.000058	0.4
288	-0.011468	10.691203	1.140397	0.011869	0.4
289	-0.000036	10.683765	1.140665	0.000051	0.4
290	-0.003964	10.690803	1.140412	0.014118	0.4
291	-0.000582	10.688104	1.140509	0.052287	0.4
292	-0.003080	9.721731	1.176384	0.014933	0.3
293	-0.008178	10.721731	1.139300	0.017381	0.3
294	-0.000047	11.721482	1.104490	0.006490	0.4
295	-0.003843	12.111808	1.091471	0.007971	0.4
296	-0.003577	11.419715	1.114771	0.005288	0.4
297	-0.000049	10.931131	1.131828	0.000061	0.4
298	-0.006243	10.934462	1.131710	0.007045	0.4
299	-0.000059	10.926917	1.131978	0.000045	0.4
300	-0.003961	10.925905	1.132014	0.007205	0.4
301	-0.009370	10.921137	1.132183	0.024523	0.4
302	-0.000055	11.144648	1.124310	0.000103	0.4
303	-0.003628	11.186511	1.122848	0.025495	0.4
304	-0.008138	11.145390	1.124284	0.008676	0.4
305	-0.006665	12.144618	1.090390	0.008072	0.4
306	-0.000036	12.555574	1.077036	0.000015	0.4
307	-0.000069	12.555920	1.077025	0.000050	0.4
308	-0.007318	12.555929	1.077025	0.025485	0.4
309	-0.002771	12.574392	1.076432	0.004815	0.4
310	-0.004543	12.423741	1.081284	0.000049	0.4
311	-0.007056	12.421191	1.081367	0.011451	0.4
312	-0.011453	12.419569	1.081419	0.024409	0.4
313	-0.003179	12.827569	1.068376	0.006546	0.4
314	-0.010830	12.072095	1.092781	0.033202	0.4
315	-0.008240	11.092390	1.126141	0.014723	0.4
316	-0.000041	10.110914	1.161668	0.000050	0.4
317	-0.000042	10.102253	1.161992	0.000052	0.7
318	-0.000025	10.102280	1.161991	0.000031	0.4
319	-0.006809	10.102269	1.161991	0.003942	0.4
320	-0.007897	10.103779	1.161935	0.030109	0.4
321	-0.000042	10.986650	1.129864	0.000020	0.4
322	-0.007742	10.987150	1.129846	0.049893	0.4
323	-0.008488	10.987926	1.129819	0.024479	0.4
324	-0.003706	11.987926	1.095569	0.003406	0.3
325	-0.000061	11.179895	1.123079	0.000044	0.4
326	-0.011228	11.181801	1.123012	0.006815	0.4
327	-0.000029	11.182532	1.122987	0.000001	0.4
328	-0.003797	11.182450	1.122990	0.001663	0.4
329	-0.003823	11.182443	1.122990	0.007570	0.4
330	-0.003654	11.283863	1.119462	0.001549	0.4
331	-0.002951	11.093813	1.126091	0.014631	0.5
332	-0.011109	10.741149	1.138603	0.006538	0.4
333	-0.003167	11.077246	1.126673	0.005736	0.4
334	-0.004074	11.530574	1.110972	0.026924	0.3
335	-0.003317	10.591062	1.144012	0.006557	0.6
336	-0.008849	11.574991	1.109457	0.008933	0.4
337	-0.000030	10.895839	1.133081	0.000061	0.4
338	-0.003560	10.886669	1.133407	0.002304	0.4
339	-0.015016	10.884428	1.133486	0.028836	0.3
340	-0.000046	10.070247	1.163189	0.000019	0.5
341	-0.006169	10.066830	1.163317	0.011548	0.3
342	-0.012102	10.065486	1.163367	0.018111	0.4
343	-0.009473	11.063210	1.127166	0.008290	0.4
344	-0.000038	11.593024	1.108843	0.000060	0.4
345	-0.010313	11.588691	1.108991	0.018254	0.4
346	-0.006576	11.582371	1.109206	0.015156	0.4
347	-0.006150	12.366948	1.083125	0.011833	0.4
348	-0.003059	11.442831	1.113977	0.016788	0.4
349	-0.007106	12.425944	1.081213	0.013883	0.4
350	-0.008000	13.424761	1.049842	0.056771	0.5
351	-0.003646	14.424761	1.020206	0.015102	0.4
352	-0.003575	13.443063	1.049284	0.017919	0.4
353	-0.007166	12.461523	1.080063	0.018945	0.4
354	-0.010130	11.479837	1.112708	0.029666	0.5
355	-0.005758	10.498139	1.147387	0.010015	0.5
356	-0.007910	9.518910	1.184202	0.019062	0.4
357	-0.007737	10.511732	1.146892	0.010136	0.4
358	-0.007954	11.489606	1.112373	0.011940	0.4
359	-0.000091	12.410353	1.081717	0.000000	0.6
360	-0.014588	12.410356	1.081717	0.016120	0.4
361	-0.008209	12.410361	1.081717	0.011617	0.5
362	-0.003543	11.747013	1.103629	0.005008	0.4
363	-0.010734	11.014714	1.128874	0.022880	0.5
364	-0.003594	11.718533	1.104590	0.001736	0.5
365	-0.004404	11.566910	1.109733	0.020845	0.4
366	-0.008336	11.101497	1.125822	0.017574	0.4
367	-0.002635	12.099976	1.091861	0.003221	0.3
368	-0.000019	12.209390	1.088263	0.000067	0.3
369	-0.003534	12.206005	1.088374	0.008054	0.4
370	-0.011967	12.201053	1.088537	0.025482	0.4
371	-0.007694	13.194395	1.056915	0.019219	0.3
372	-0.006528	12.316014	1.084781	0.013504	0.4
373	-0.004190	12.437378	1.080843	0.016024	0.4
374	-0.011231	12.644855	1.074178	0.019532	0.4
375	-0.003669	13.446805	1.049170	0.004601	0.4
376	-0.003273	13.057283	1.061170	0.014546	0.4
377	-0.005264	13.475837	1.048287	0.010761	0.4
378	-0.000050	12.507682	1.078575	0.000083	0.3
379	-0.007829	12.520238	1.078171	0.026274	0.3
380	-0.015213	12.555362	1.077043	0.029312	0.4
381	-0.000376	11.642733	1.107155	0.020180	0.4
382	-0.000033	10.686638	1.140562	0.000030	0.4
383	-0.015398	10.680998	1.140765	0.049008	0.4
384	-0.010354	10.665162	1.141335	0.027082	0.4
385	-0.011983	11.665162	1.106395	0.028127	0.4
386	-0.003176	12.665162	1.073530	0.017395	0.4
387	-0.000074	13.543038	1.046247	0.000052	0.4
388	-0.000023	13.541085	1.046307	0.000049	0.6
389	-0.000034	13.541086	1.046307	0.000125	0.6
390	-0.003788	13.541170	1.046304	0.000595	0.4
391	-0.003814	13.541765	1.046286	0.020410	0.4
392	-0.007424	13.516775	1.047043	0.030282	0.4
393	-0.007402	12.535078	1.077694	0.010831	0.4
394	-0.003473	13.535055	1.046489	0.015677	0.4
395	-0.002320	12.558270	1.076950	0.018003	0.4
396	-0.000051	13.557302	1.045816	0.000055	0.3
397	-0.006956	13.555839	1.045860	0.019063	0.4
398	-0.007771	13.549940	1.046038	0.020908	0.4
399	-0.010149	13.253694	1.055085	0.050917	0.5
400	-0.003420	12.271996	1.086216	0.003369	0.4
401	-0.000030	12.841802	1.067927	0.000046	0.4
402	-0.000045	12.844215	1.067851	0.000051	0.4
403	-0.003220	12.844223	1.067850	0.003864	0.4
404	-0.006478	12.846140	1.067790	0.012108	0.4
405	-0.001846	13.308186	1.053409	0.018449	0.4
406	-0.006617	13.562781	1.045650	0.019430	0.4
407	-0.007493	12.613343	1.075185	0.031521	0.4
408	-0.000039	13.613343	1.044122	0.000021	0.4
409	-0.011252	13.610900	1.044196	0.021459	0.5
410	-0.011989	13.612503	1.044148	0.025292	0.5
411	-0.006753	14.612398	1.014831	0.026811	0.4
412	-0.008186	15.612228	0.987117	0.006166	0.4
413	-0.011111	15.163853	0.999356	0.004824	0.4
414	-0.000025	14.975232	1.004596	0.000001	0.4
415	-0.003109	14.975229	1.004596	0.009238	0.4
416	-0.011556	14.975119	1.004599	0.008739	0.3
417	-0.007147	14.534415	1.017058	0.013767	0.4
418	-0.002853	14.843321	1.008293	0.007954	0.4
419	-0.000038	14.121878	1.029004	0.000097	0.3
420	-0.003536	14.111327	1.029313	0.000045	0.6
421	-0.000728	14.111328	1.029313	0.057983	0.3
422	-0.003917	14.108568	1.029394	0.002494	0.4
423	-0.000067	13.191503	1.057004	0.000051	0.4
424	-0.002800	13.190270	1.057042	0.009720	0.4
425	-0.000053	13.197026	1.056833	0.000030	0.3
426	-0.004453	13.199921	1.056744	0.025380	0.4
427	-0.004090	13.203066	1.056647	0.025860	0.4
428	-0.003912	14.203066	1.026631	0.007843	0.4
429	-0.003574	15.201186	0.998325	0.015846	0.6
430	-0.000044	14.480645	1.018599	0.000060	0.5
431	-0.000070	14.495339	1.018178	0.000000	0.4
432	-0.000052	14.495339	1.018178	0.000041	0.4
433	-0.002317	14.495339	1.018178	0.069793	0.4
434	-0.000037	14.485007	1.018474	0.000198	0.4
435	-0.003767	14.407859	1.020693	0.000044	0.3
436	-0.004472	14.407883	1.020693	0.004047	0.4
437	-0.004053	14.408032	1.020688	0.023484	0.4
438	-0.009188	13.519226	1.046969	0.015077	0.3
439	-0.008056	12.537637	1.077612	0.015281	0.4
440	-0.012038	12.107445	1.091614	0.039991	0.4
441	-0.014353	12.931885	1.065092	0.035091	0.4
442	-0.003472	11.950187	1.096824	0.005915	0.4
443	-0.010102	10.974395	1.130297	0.051209	0.4
444	-0.015840	11.973663	1.096043	0.010609	0.4
445	-0.007851	12.973659	1.063782	0.031969	0.4
446	-0.005612	13.972575	1.033397	0.026286	0.4
447	-0.003483	14.972575	1.004670	0.005943	0.3
448	-0.000032	14.569597	1.016052	0.000016	0.4
449	-0.010724	14.571284	1.016004	0.021714	0.5
450	-0.005968	14.567276	1.016118	0.058012	0.4
451	-0.000069	13.585579	1.044960	0.000000	0.4
452	-0.003844	13.585579	1.044960	0.002199	0.4
453	-0.003048	13.585579	1.044960	0.004216	0.4
454	-0.007115	13.464833	1.048621	0.038833	0.5
455	-0.009597	12.535807	1.077671	0.041414	0.3
456	-0.013976	11.554109	1.110169	0.022571	0.6
457	-0.007290	10.572412	1.144688	0.006835	0.5
458	-0.011318	9.870147	1.170729	0.027980	0.4
459	-0.007618	8.892774	1.209007	0.019259	0.4
460	-0.004396	7.911077	1.250059	0.001164	0.5
461	-0.004534	8.038385	1.244579	0.005690	0.5
462	-0.008149	8.049107	1.244120	0.022189	0.8
463	-0.014497	7.091274	1.286541	0.021390	0.4
464	-0.013038	6.109577	1.333129	0.006808	0.4
465	-0.007601	6.534526	1.312554	0.017005	0.5
466	-0.000348	5.847124	1.346161	0.009343	0.4
467	-0.003339	4.914489	1.394608	0.003306	0.4
468	-0.000041	5.088803	1.385290	0.000000	0.4
469	-0.008825	5.088798	1.385290	0.030593	0.3
470	-0.013780	5.088842	1.385288	0.017771	0.4
471	-0.006677	4.569062	1.413449	0.044879	0.4
472	-0.000057	5.569054	1.360250	0.000008	0.4
473	-0.007240	5.564166	1.360501	0.019608	0.4
474	-0.006319	5.563448	1.360537	0.015825	0.4
475	-0.000070	4.582031	1.412732	0.000018	0.4
476	-0.005616	4.579870	1.412852	0.006585	0.4
477	-0.006738	4.578848	1.412908	0.014473	0.4
478	-0.000037	5.494221	1.364092	0.000039	0.5
479	-0.003562	5.499591	1.363816	0.009685	0.4
480	-0.007378	5.495489	1.364027	0.003236	0.4
481	-0.005219	5.688178	1.354179	0.015930	0.4
482	-0.003834	6.383606	1.319788	0.010964	0.6
483	-0.013153	7.353798	1.274629	0.011748	0.4
484	-0.002987	6.860295	1.297207	0.005436	0.3
485	-0.006435	7.297894	1.277147	0.013105	0.3
486	-0.003247	7.030470	1.289331	0.026781	0.4
487	-0.010892	7.913394	1.249959	0.013745	0.4
488	-0.000071	8.908550	1.208369	0.000000	0.3
489	-0.003769	8.908550	1.208369	0.011864	0.4
490	-0.014217	8.908550	1.208369	0.018031	0.4
491	-0.017102	7.964525	1.247753	0.027536	0.4
492	-0.003532	6.982839	1.291526	0.014353	0.4
493	-0.007107	6.016349	1.337729	0.006804	0.4
494	-0.009090	6.746813	1.302512	0.013982	0.4
495	-0.009291	6.136186	1.331822	0.010566	0.4
496	-0.001072	5.754790	1.350807	0.022758	0.4
497	-0.004208	4.787442	1.401479	0.010479	0.3
498	-0.003733	3.807064	1.456866	0.006644	0.3
499	-0.003479	3.560917	1.471466	0.017988	0.4
500	-0.006312	4.204242	1.433908	0.012539	0.4
501	-0.007940	3.240647	1.490908	0.023397	0.4
502	-0.011912	2.260258	1.553747	0.015093	0.3
503	-0.008138	1.278569	1.622212	0.009318	0.4
504	-0.010166	0.973215	1.644755	0.014740	0.5
505	-0.002867	1.923504	1.576572	0.012180	0.4
506	-0.003538	1.955544	1.574372	0.006526	0.5
507	-0.012327	1.108169	1.634715	0.017248	0.5
508	-0.003775	1.345578	1.617347	0.000960	0.4
509	-0.020743	1.605537	1.598748	0.003851	0.4
510	-0.014558	1.629115	1.597082	0.023360	0.4
511	-0.002704	1.372334	1.615413	0.008627	0.4
512	-0.003642	1.172388	1.629981	0.015580	0.4
513	-0.006138	0.218250	1.703277	0.014438	0.5
514	-0.006786	1.215888	1.626789	0.029705	0.4
515	-0.000043	2.215887	1.556717	0.000100	0.4
516	-0.000026	2.239179	1.555157	0.000001	0.4
517	-0.010864	2.239178	1.555157	0.035203	0.6
518	-0.010768	2.238918	1.555174	0.015879	0.4
519	-0.003491	1.257240	1.623767	0.018070	0.4
520	-0.013747	0.351108	1.692679	0.027229	0.4
521	-0.009784	0.000000	1.720979	0.013813	0.4
522	-0.000908	0.000000	1.720979	0.023054	0.4
523	-0.008651	0.000000	1.720979	0.007835	0.4
524	-0.000037	0.000000	1.720979	0.000100	0.4
525	-0.005667	0.000000	1.720979	0.014449	0.4
526	-0.003634	0.000000	1.720979	0.010121	0.3
527	-0.011901	0.958410	1.645864	0.006724	0.4
528	-0.002938	0.950137	1.646485	0.058035	0.4
529	-0.005563	1.950134	1.574743	0.058449	0.4
530	-0.004289	0.968436	1.645113	0.014159	0.4
531	-0.014941	1.968436	1.573488	0.021356	0.4
532	-0.010730	2.965898	1.508000	0.018778	0.4
533	-0.004875	3.813036	1.456515	0.049241	0.4
534	-0.007558	4.813031	1.400090	0.017184	0.4
535	-0.010277	5.812583	1.347896	0.029663	0.5
536	-0.000042	6.812581	1.299432	0.000063	0.5
537	-0.003946	6.839652	1.298169	0.013870	0.4
538	-0.009519	6.853310	1.297532	0.016633	0.3
539	-0.006604	7.848665	1.252764	0.012651	0.3
540	-0.003013	7.230156	1.280211	0.001527	0.4
541	-0.000096	7.366089	1.274076	0.000002	0.5
542	-0.002770	7.366080	1.274077	0.010927	0.4
543	-0.007787	7.366154	1.274073	0.023673	0.4
544	-0.007424	8.326165	1.232366	0.041560	0.4
545	-0.011586	9.326165	1.191729	0.017996	0.5
546	-0.007927	10.319365	1.153937	0.018279	0.4
547	-0.003265	9.388323	1.189291	0.007711	0.4
548	-0.014494	8.452074	1.227097	0.022117	0.4
549	-0.007184	9.318143	1.192044	0.009474	0.4
550	-0.007764	9.531313	1.183721	0.026140	0.4
551	-0.009588	9.220602	1.195892	0.028311	0.5
552	-0.006892	8.238904	1.236044	0.017345	0.3
553	-0.011229	9.238903	1.195168	0.027872	0.4
554	-0.000048	10.238902	1.156909	0.000058	0.4
555	-0.012338	10.218340	1.157671	0.024261	0.4
556	-0.000032	10.212356	1.157893	0.000034	0.4
557	-0.000015	10.200255	1.158342	0.000009	0.3
558	-0.009732	10.200255	1.158342	0.047850	0.4
559	-0.009926	10.207257	1.158082	0.016930	0.4
560	-0.000051	11.207257	1.122125	0.000029	0.4
561	-0.003387	11.215530	1.121837	0.025013	0.4
562	-0.000032	11.203085	1.122270	0.000066	0.4
563	-0.000241	11.214306	1.121879	0.017035	0.4
564	-0.010198	11.194824	1.122558	0.040716	0.4
565	-0.003870	12.194824	1.088741	0.019258	0.4
566	-0.007313	13.194823	1.056902	0.010673	0.4
567	-0.008226	14.050943	1.031087	0.026873	0.4
568	-0.004126	13.072276	1.060703	0.016561	0.5
569	-0.003123	14.072270	1.030460	0.020910	0.4
570	-0.010906	15.071505	1.001914	0.013628	0.3
571	-0.008273	14.093734	1.029830	0.001757	0.4
572	-0.003364	14.045592	1.031244	0.019597	0.7
573	-0.000048	14.514937	1.017616	0.000048	0.4
574	-0.003477	14.502312	1.017978	0.019442	0.4
575	-0.000047	14.490437	1.018318	0.000000	0.4
576	-0.007632	14.490437	1.018318	0.025979	0.5
577	-0.002877	14.490437	1.018318	0.018573	0.5
578	-0.015114	15.490428	0.990412	0.054946	0.6
579	-0.000016	16.490428	0.963994	0.000012	0.4
580	-0.004530	16.501093	0.963720	0.003858	0.4
581	-0.006738	16.500644	0.963732	0.026035	0.4
582	-0.007506	16.584995	0.961569	0.028245	0.4
583	-0.000531	17.584995	0.936648	0.036076	0.4
584	-0.008015	18.058999	0.925281	0.020481	0.4
585	-0.012337	19.058971	0.902184	0.017188	0.4
586	-0.000096	18.718974	0.909907	0.000053	0.4
587	-0.006763	18.716220	0.909970	0.018263	0.4
588	-0.006487	18.730905	0.909634	0.007389	0.3
589	-0.004127	17.806098	0.931311	0.022805	0.4
590	-0.011693	16.829680	0.955349	0.012706	0.5
591	-0.004509	15.854411	0.980631	0.000065	0.4
592	-0.007292	15.859711	0.980490	0.010021	0.4
593	-0.004095	15.870407	0.980205	0.020941	0.4
594	-0.006832	16.793542	0.956263	0.019888	0.4
595	-0.003215	17.793540	0.931613	0.006738	0.3
596	-0.013962	16.859613	0.954594	0.015169	0.4
597	-0.008029	17.569613	0.937022	0.019893	0.4
598	-0.009917	16.588322	0.961484	0.040116	0.4
599	-0.011761	15.606624	0.987268	0.026204	0.4
600	-0.003457	16.606624	0.961016	0.004305	0.4
601	-0.005892	16.266324	0.969791	0.002841	0.4
602	-0.001971	16.448716	0.965068	0.037389	0.4
603	-0.010127	15.539492	0.989082	0.034965	0.3
604	-0.003442	14.557794	1.016389	0.003439	0.4
605	-0.002750	13.678838	1.042150	0.002365	0.3
606	-0.009965	13.610191	1.044217	0.011760	0.3
607	-0.000091	13.160216	1.057972	0.003709	0.5
608	-0.003252	13.547618	1.046109	0.019321	0.4
609	-0.003187	14.130861	1.028741	0.010184	0.4
610	-0.004318	13.220389	1.056112	0.025046	0.4
611	-0.000040	14.219983	1.026138	0.000001	0.3
612	-0.018032	14.220076	1.026135	0.023982	0.4
613	-0.003762	14.220506	1.026123	0.014072	0.8
614	-0.003411	13.573626	1.045322	0.012863	0.4
615	-0.000026	12.615284	1.075123	0.000007	0.4
616	-0.010105	12.614369	1.075152	0.021300	0.5
617	-0.004472	12.613610	1.075176	0.000080	0.4
618	-0.004405	12.590419	1.075919	0.011550	0.4
619	-0.000034	12.604127	1.075480	0.000098	0.4
620	-0.012121	12.616659	1.075079	0.011313	0.5
621	-0.007654	12.628829	1.074690	0.028901	0.4
622	-0.006387	11.647530	1.106992	0.012670	0.4
623	-0.004056	10.670492	1.141143	0.040069	0.4
624	-0.000048	9.689599	1.177616	0.000064	0.4
625	-0.002844	9.655934	1.178909	0.007172	0.3
626	-0.007660	9.647940	1.179217	0.012654	0.4
627	-0.002806	10.117529	1.161421	0.011377	0.4
628	-0.004895	10.509928	1.146958	0.040592	0.4
629	-0.000032	11.496702	1.112130	0.000064	0.4
630	-0.003214	11.506351	1.111800	0.009116	0.4
631	-0.006684	11.511968	1.111608	0.006467	0.3
632	-0.008461	11.462806	1.113291	0.024050	0.4
633	-0.004961	10.494815	1.147508	0.011765	0.4
634	-0.003552	9.514040	1.184391	0.014044	0.4
635	-0.000040	10.483155	1.147933	0.000009	0.4
636	-0.003241	10.483301	1.147928	0.043156	0.5
637	-0.000039	10.478334	1.148109	0.000038	0.7
638	-0.004548	10.506054	1.147099	0.000039	0.4
639	-0.002310	10.506045	1.147099	0.023490	0.4
640	-0.004032	10.498497	1.147374	0.013196	0.4
641	-0.006321	9.523117	1.184039	0.015545	0.4
642	-0.000051	8.783379	1.213447	0.000000	0.4
643	-0.009677	8.783412	1.213446	0.030568	0.4
644	-0.000027	8.783369	1.213448	0.000004	0.4
645	-0.001129	8.783925	1.213425	0.025992	0.5
646	-0.009081	8.785484	1.213362	0.008520	0.3
647	-0.004177	9.777349	1.174258	0.023632	0.4
648	-0.003051	10.775758	1.137363	0.016461	0.7
649	-0.006651	9.794093	1.173620	0.016004	0.4
650	-0.013880	8.812662	1.212255	0.015232	0.3
651	-0.003860	9.730865	1.176035	0.018687	0.4
652	-0.000061	10.115831	1.161485	0.000000	0.5
653	-0.008062	10.115831	1.161485	0.013947	0.4
654	-0.012470	10.115831	1.161485	0.013108	0.4
655	-0.000027	10.415607	1.150402	0.000050	0.4
656	-0.004527	10.413900	1.150464	0.000063	0.4
657	-0.006716	10.413876	1.150465	0.020413	0.5
658	-0.002395	10.416691	1.150362	0.006803	0.4
659	-0.019567	9.479252	1.185743	0.049813	0.4
660	-0.011994	8.497568	1.225205	0.032124	0.4
661	-0.003569	7.515870	1.267384	0.001556	0.4
662	-0.004401	7.701873	1.259171	0.064988	0.4
663	-0.002965	7.182090	1.282395	0.015085	0.3
664	-0.005920	8.182089	1.238450	0.018930	0.5
665	-0.009769	7.218504	1.280740	0.009403	0.4
666	-0.007268	6.260428	1.325752	0.019038	0.5
667	-0.003739	6.502325	1.314091	0.013699	0.4
668	-0.002252	5.521819	1.362673	0.004474	0.4
669	-0.003372	6.297730	1.323940	0.015662	0.4
670	-0.004507	7.052879	1.288301	0.000358	0.4
671	-0.001619	6.977849	1.291756	0.047510	0.4
672	-0.005213	6.687045	1.305324	0.035354	0.4
673	-0.007500	7.687045	1.259822	0.007997	0.4
674	-0.005101	7.028698	1.289413	0.089322	0.4
675	-0.007026	8.027522	1.245045	0.005578	0.4
676	-0.000025	9.026158	1.203636	0.000013	0.4
677	-0.011640	9.025940	1.203645	0.011220	0.4
678	-0.004501	9.023919	1.203726	0.000584	0.3
679	-0.010984	9.078181	1.201554	0.007224	0.3
680	-0.004391	9.109424	1.200307	0.005302	0.4
681	-0.008029	9.444770	1.187086	0.009215	0.4
682	-0.010910	8.872822	1.209814	0.021913	0.4
683	-0.003692	7.913297	1.249963	0.012213	0.4
684	-0.004275	8.913072	1.208186	0.009097	0.4
685	-0.008295	9.664996	1.178561	0.029324	0.4
686	-0.000033	8.683446	1.217533	0.000033	0.5
687	-0.006301	8.694510	1.217079	0.045621	0.4
688	-0.000075	8.701159	1.216806	0.000047	0.4
689	-0.012842	8.701965	1.216773	0.033765	0.6
690	-0.003448	8.714583	1.216257	0.003091	0.4
691	-0.004075	9.646680	1.179265	0.019564	0.4
692	-0.000014	9.010021	1.204283	0.000000	0.5
693	-0.003569	9.010044	1.204282	0.005900	0.4
694	-0.005628	9.010029	1.204283	0.067383	0.4
695	-0.008183	9.569341	1.182249	0.002694	0.5
696	-0.004249	9.504629	1.184757	0.045524	0.4
697	-0.003574	8.588447	1.221442	0.011896	0.4
698	-0.000049	7.606749	1.263358	0.000076	0.4
699	-0.003638	7.591862	1.264016	0.000899	0.4
700	-0.000045	7.591834	1.264017	0.000002	0.3
701	-0.015271	7.591805	1.264018	0.021657	0.4
702	-0.003486	7.591040	1.264052	0.011043	0.4
703	-0.004319	6.619375	1.308522	0.008013	0.4
704	-0.007117	6.268793	1.325345	0.021971	0.5
705	-0.010121	7.210195	1.281117	0.036642	0.3
706	-0.000058	6.228497	1.327307	0.000022	0.4
707	-0.008405	6.220268	1.327708	0.013500	0.4
708	-0.008536	6.217992	1.327819	0.022340	0.3
709	-0.000040	5.236355	1.377499	0.000250	0.4
710	-0.007264	5.155284	1.381769	0.023274	0.4
711	-0.000047	5.197138	1.379562	0.000055	0.4
712	-0.009357	5.182913	1.380311	0.012326	0.4
713	-0.000021	5.189518	1.379963	0.000046	0.3
714	-0.004392	5.199548	1.379435	0.018971	0.4
715	-0.011679	5.212732	1.378741	0.040301	0.4
716	-0.009728	6.212732	1.328076	0.050343	0.4
717	-0.005282	5.231034	1.377779	0.011160	0.3
718	-0.007713	4.300931	1.428428	0.012684	0.3
719	-0.014882	3.463712	1.477313	0.025075	0.4
720	-0.003067	2.482076	1.539070	0.011812	0.4
721	-0.000046	3.479278	1.476374	0.000027	0.5
722	-0.000058	3.479304	1.476372	0.000000	0.4
723	-0.004161	3.479304	1.476372	0.014799	0.4
724	-0.000015	3.479297	1.476373	0.000001	0.3
725	-0.004925	3.479371	1.476368	0.021882	0.4
726	-0.007679	3.479382	1.476367	0.037870	0.4
727	-0.003346	2.497685	1.538048	0.025897	0.4
728	-0.007877	3.497685	1.475264	0.000762	0.5
729	-0.000021	3.723503	1.461790	0.000000	0.5
730	-0.000047	3.723505	1.461790	0.000045	0.4
731	-0.012149	3.723505	1.461790	0.013581	0.4
732	-0.003244	3.718403	1.462091	0.015725	0.4
733	-0.007692	2.737972	1.522479	0.016510	0.4
734	-0.003842	1.758153	1.588027	0.007874	0.4
735	-0.007519	0.865078	1.652890	0.018362	0.3
736	-0.004044	0.000000	1.720979	0.026728	0.3
737	-0.004397	1.000000	1.642753	0.010550	0.3
738	-0.003730	0.932413	1.647815	0.001696	0.4
739	-0.003957	0.707232	1.664909	0.011984	0.4
740	-0.003154	0.793357	1.658329	0.011993	0.4
741	-0.007769	1.780144	1.586494	0.024827	0.4
742	-0.000038	2.698773	1.524997	0.000004	0.4
743	-0.007485	2.697264	1.525094	0.016889	0.3
744	-0.003932	2.696460	1.525146	0.022948	0.4
745	-0.006321	3.696457	1.463391	0.024964	0.3
746	-0.006547	2.714760	1.523969	0.026909	0.4
747	-0.007057	1.733062	1.589780	0.014318	0.4
748	-0.005247	2.144512	1.561518	0.007119	0.3
749	-0.010270	1.491632	1.606845	0.019971	0.4
750	-0.003884	2.468227	1.539978	0.011826	0.4
751	-0.003245	3.466067	1.477171	0.045812	0.4
752	-0.002288	4.465741	1.419184	0.002697	0.4
753	-0.007873	5.437708	1.367008	0.017114	0.3
754	-0.002753	5.860463	1.345493	0.013568	0.4
755	-0.009308	4.904755	1.395132	0.060712	0.4
756	-0.000020	3.923058	1.450085	0.000000	0.4
757	-0.000049	3.922935	1.450093	0.000038	0.3
758	-0.003697	3.922935	1.450093	0.014179	0.4
759	-0.003797	3.928904	1.449745	0.011429	0.4
760	-0.004137	4.876149	1.396675	0.010065	0.4
761	-0.015550	5.835696	1.346735	0.030582	0.3
762	-0.000028	6.832736	1.298491	0.000000	0.3
763	-0.000035	6.832735	1.298491	0.000051	0.3
764	-0.008863	6.832735	1.298491	0.015479	0.4
765	-0.011021	6.819096	1.299128	0.009436	0.4
766	-0.004503	5.951126	1.340967	0.000049	0.4
767	-0.005982	5.947092	1.341167	0.044452	0.5
768	-0.004172	5.981509	1.339457	0.014480	0.4
769	-0.007121	6.827448	1.298738	0.006437	0.4
770	-0.002916	5.991891	1.338941	0.012708	0.4
771	-0.003300	5.114684	1.383917	0.047925	0.3
772	-0.003829	4.132998	1.437973	0.014223	0.4
773	-0.000055	3.151324	1.496422	0.000043	0.3
774	-0.000028	3.156789	1.496083	0.000044	0.3
775	-0.000040	3.156781	1.496084	0.000000	0.4
776	-0.000037	3.156781	1.496084	0.000138	0.4
777	-0.003818	3.156781	1.496084	0.004717	0.4
778	-0.000067	3.164407	1.495611	0.000000	0.4
779	-0.005817	3.164403	1.495612	0.015177	0.4
780	-0.012420	3.164356	1.495615	0.013766	0.4
781	-0.000047	4.161892	1.436321	0.000006	0.4
782	-0.008036	4.160350	1.436409	0.003957	0.3
783	-0.007885	4.160727	1.436388	0.030025	0.4
784	-0.012618	5.103637	1.384503	0.041894	0.3
785	-0.007669	6.103637	1.333421	0.014842	0.4
786	-0.004667	7.103636	1.285975	0.006952	0.3
787	-0.010977	7.685323	1.259897	0.027739	0.3
788	-0.012893	8.655820	1.218667	0.020438	0.4
789	-0.011189	7.674186	1.260387	0.009869	0.4
790	-0.006915	6.696912	1.304859	0.022642	0.4
791	-0.007066	6.826127	1.298800	0.011742	0.5
792	-0.011256	6.495257	1.314429	0.036833	0.4
793	-0.000029	7.469402	1.269453	0.000046	0.4
794	-0.003968	7.460750	1.269839	0.005415	0.4
795	-0.004052	7.456951	1.270008	0.012287	0.4
796	-0.000030	6.806497	1.299716	0.000000	0.4
797	-0.003619	6.806497	1.299716	0.005771	0.4
798	-0.007424	6.806497	1.299716	0.008073	0.4
799	-0.010810	6.287677	1.324428	0.025048	0.4
800	-0.007540	5.309480	1.373671	0.001975	0.4
801	-0.011025	4.676413	1.407539	0.008637	0.3
802	-0.001378	4.557547	1.414086	0.058665	0.3
803	-0.003377	3.576163	1.470553	0.005518	0.4
804	-0.003650	4.546734	1.414684	0.006735	0.4
805	-0.006523	4.009600	1.445068	0.009438	0.4
806	-0.000027	4.509793	1.416733	0.000000	0.6
807	-0.000047	4.509793	1.416733	0.000095	0.5
808	-0.007150	4.509793	1.416733	0.027743	0.4
809	-0.007420	4.505783	1.416956	0.018689	0.4
810	-0.011586	5.490830	1.364267	0.013885	0.4
811	-0.003463	4.516763	1.416346	0.001245	0.4
812	-0.009732	4.250190	1.431299	0.030431	0.4
813	-0.003340	3.873853	1.452954	0.009544	0.4
814	-0.003367	3.097398	1.499770	0.001382	0.4
815	-0.006680	3.131667	1.497641	0.021488	0.4
816	-0.009839	2.692907	1.525375	0.028684	0.4
817	-0.000049	1.711210	1.591309	0.000009	0.4
818	-0.000056	1.715023	1.591042	0.000052	0.4
819	-0.009749	1.715023	1.591042	0.015203	0.6
820	-0.003373	1.723496	1.590449	0.018033	0.4
821	-0.003697	0.742689	1.662194	0.006871	0.4
822	-0.000059	0.000000	1.720979	0.000023	0.6
823	-0.004483	0.001828	1.720829	0.000052	0.4
824	-0.011893	0.001833	1.720829	0.019145	0.4
825	-0.000044	0.014790	1.719768	0.000010	0.4
826	-0.009818	0.012037	1.719993	0.011941	0.3
827	-0.000049	0.012340	1.719969	0.000012	0.4
828	-0.008934	0.009756	1.720180	0.058093	0.4
829	-0.004338	0.006751	1.720426	0.008394	0.3
830	-0.000079	0.000000	1.720979	0.000001	0.4
831	-0.012962	0.000000	1.720979	0.007675	0.4
832	-0.004460	0.000000	1.720979	0.003816	0.4
833	-0.003594	0.151811	1.708627	0.014465	0.4
834	-0.014611	0.108808	1.712108	0.021948	0.4
835	-0.009036	0.000000	1.720979	0.073934	0.4
836	-0.007450	1.000000	1.642753	0.008425	0.4
837	-0.002488	0.018302	1.719481	0.012898	0.7
838	-0.006574	0.664366	1.668203	0.020488	0.4
839	-0.013345	0.797971	1.657978	0.003538	0.4
840	-0.003192	0.021700	1.719203	0.012350	0.4
841	-0.003940	0.000000	1.720979	0.024725	0.4
842	-0.011175	0.999787	1.642769	0.022773	0.4
843	-0.003466	0.018089	1.719498	0.018476	0.4
844	-0.000030	0.000000	1.720979	0.000074	0.5
845	-0.013793	0.000000	1.720979	0.024145	0.4
846	-0.014168	0.021680	1.719204	0.024042	0.4
847	-0.010422	1.021679	1.641136	0.029030	0.4
848	-0.012117	2.021336	1.569873	0.076797	0.4
849	-0.000101	1.039638	1.639798	0.001759	0.5
850	-0.006531	1.779577	1.586534	0.023545	0.6
851	-0.000062	2.382458	1.545627	0.000105	0.4
852	-0.012712	2.380513	1.545756	0.045502	0.4
853	-0.011717	2.346959	1.547977	0.018542	0.4
854	-0.002557	1.365261	1.615924	0.014610	0.4
855	-0.000044	2.365049	1.546779	0.000120	0.4
856	-0.003479	2.386334	1.545371	0.002970	0.3
857	-0.002545	2.390860	1.545072	0.014839	0.4
858	-0.006233	1.799636	1.585138	0.009230	0.4
859	-0.004021	0.847817	1.654196	0.042888	0.3
860	-0.014340	0.000000	1.720979	0.011558	0.4
861	-0.006871	0.997199	1.642962	0.005928	0.3
862	-0.006536	1.226114	1.626041	0.019583	0.4
863	-0.017295	0.440796	1.685598	0.018705	0.4
864	-0.014221	0.000000	1.720979	0.012486	0.4
865	-0.000029	0.456829	1.684338	0.000047	0.4
866	-0.006989	0.458919	1.684174	0.008772	0.4
867	-0.004528	0.463932	1.683781	0.000071	0.4
868	-0.010303	0.471445	1.683192	0.009325	0.4
869	-0.005553	0.476720	1.682779	0.057209	0.4
870	-0.006707	0.000000	1.720979	0.016030	0.4
871	-0.012012	0.000000	1.720979	0.010829	0.4
872	-0.000287	0.959284	1.645799	0.027668	0.4
873	-0.010475	0.396179	1.689113	0.008897	0.4
874	-0.000049	1.168886	1.630238	0.000059	0.4
875	-0.008309	1.170774	1.630099	0.021305	0.4
876	-0.004270	1.181571	1.629306	0.015909	0.4
877	-0.000052	2.181537	1.559024	0.000098	0.4
878	-0.015683	2.205638	1.557404	0.016190	0.4
879	-0.018598	2.200986	1.557717	0.006677	0.4
880	-0.006707	1.969170	1.573438	0.017218	0.4
881	-0.006765	2.850816	1.515276	0.016180	0.4
882	-0.000017	3.837263	1.455094	0.000026	0.5
883	-0.006078	3.839858	1.454942	0.010400	0.4
884	-0.000127	3.838687	1.455011	0.014161	0.4
885	-0.000036	2.896067	1.512406	0.000000	0.4
886	-0.003164	2.896067	1.512406	0.035044	0.4
887	-0.006941	2.896067	1.512406	0.006086	0.4
888	-0.006706	1.915898	1.577096	0.018923	0.3
889	-0.010071	2.421617	1.543043	0.001086	0.4
890	-0.003640	2.327947	1.549239	0.007378	0.4
891	-0.003898	2.294315	1.551476	0.003565	0.4
892	-0.000029	2.077424	1.566057	0.000030	0.4
893	-0.003590	2.077883	1.566026	0.017529	0.4
894	-0.002990	2.077929	1.566023	0.018746	0.4
895	-0.007653	1.096260	1.635596	0.022797	0.4
896	-0.005733	1.683315	1.593266	0.024161	0.4
897	-0.009018	2.654577	1.527847	0.062657	0.3
898	-0.013803	1.672879	1.594000	0.024617	0.4
899	-0.012165	2.672879	1.526665	0.020209	0.4
900	-0.007140	1.691186	1.592714	0.013168	0.4
901	-0.000029	0.923593	1.648478	0.000033	0.4
902	-0.011675	0.920833	1.648686	0.027772	0.4
903	-0.007091	0.909140	1.649566	0.005290	0.4
904	-0.003763	1.854867	1.581307	0.000041	0.4
905	-0.015217	1.858487	1.581057	0.021881	0.4
906	-0.006411	1.843272	1.582110	0.013712	0.4
907	-0.008048	0.861747	1.653142	0.049441	0.4
908	-0.003796	0.000000	1.720979	0.007077	0.4
909	-0.003683	0.998927	1.642833	0.005781	0.3
910	-0.007509	0.831456	1.655435	0.015464	0.4
911	-0.005995	1.519205	1.604877	0.060814	0.4
912	-0.005678	0.537568	1.678024	0.026994	0.4
913	-0.011905	1.537568	1.603570	0.017806	0.4
914	-0.007284	0.555870	1.676600	0.008167	0.4
915	-0.000427	1.532105	1.603959	0.031090	0.4
916	-0.011430	2.522865	1.536401	0.022935	0.4
917	-0.009308	3.522351	1.473780	0.010397	0.4
918	-0.003702	2.743776	1.522107	0.006869	0.4
919	-0.000037	2.954470	1.508719	0.000058	0.4
920	-0.000023	2.949106	1.509057	0.000026	0.5
921	-0.013062	2.949131	1.509055	0.031465	0.4
922	-0.003743	2.962604	1.508207	0.004702	0.5
923	-0.000026	3.146190	1.496740	0.000060	0.4
924	-0.003832	3.148448	1.496600	0.008844	0.5
925	-0.007514	3.151144	1.496433	0.010327	0.4
926	-0.001584	3.774182	1.458799	0.071614	0.4
927	-0.004299	4.774182	1.402200	0.012019	0.4
928	-0.000043	5.683045	1.354439	0.000008	0.4
929	-0.002701	5.684260	1.354378	0.008448	0.4
930	-0.004869	5.685004	1.354340	0.047376	0.4
931	-0.011281	4.703361	1.406064	0.026616	0.4
932	-0.008675	5.703361	1.353409	0.014639	0.3
933	-0.008841	6.697723	1.304821	0.013143	0.4
934	-0.005314	5.817557	1.347646	0.062133	0.4
935	-0.004301	6.817557	1.299200	0.008283	0.5
936	-0.007357	7.817547	1.254117	0.009690	0.4
937	-0.000031	7.411303	1.272049	0.000000	0.4
938	-0.007866	7.411304	1.272049	0.071890	0.4
939	-0.003574	7.411299	1.272049	0.018194	0.4
940	-0.000029	6.429601	1.317575	0.000019	0.4
941	-0.004343	6.426125	1.317742	0.017424	0.4
942	-0.012138	6.431660	1.317476	0.026247	0.4
943	-0.003384	5.464072	1.365646	0.007377	0.4
944	-0.006207	4.524040	1.415942	0.007632	0.4
945	-0.003320	4.243362	1.431686	0.035428	0.4
946	-0.014218	4.846605	1.398271	0.057559	0.4
947	-0.004229	5.846605	1.346187	0.003587	0.4
948	-0.006922	6.047495	1.336189	0.016542	0.4
949	-0.010625	6.263399	1.325607	0.004384	0.3
950	-0.000039	5.524812	1.362519	0.000044	0.4
951	-0.004253	5.522456	1.362640	0.015675	0.3
952	-0.003428	5.519013	1.362817	0.006054	0.4
953	-0.000036	6.376347	1.320138	0.000109	0.3
954	-0.010518	6.365457	1.320664	0.005022	0.4
955	-0.003518	6.374226	1.320241	0.004570	0.4
956	-0.006480	6.006334	1.338225	0.029766	0.4
957	-0.003281	5.043507	1.387700	0.016065	0.4
958	-0.007148	4.061811	1.442057	0.025168	0.6
959	-0.003851	3.380016	1.482385	0.012064	0.5
960	-0.000043	4.377848	1.424099	0.000030	0.5
961	-0.013160	4.380937	1.423925	0.013973	0.4
962	-0.009779	4.388394	1.423507	0.030525	0.4
963	-0.011695	5.388393	1.369563	0.013094	0.4
964	-0.008581	4.406697	1.422482	0.006005	0.4
965	-0.003042	5.112566	1.384030	0.014761	0.4
966	-0.012087	4.261969	1.430631	0.024991	0.4
967	-0.000037	5.260701	1.376222	0.000025	0.4
968	-0.007892	5.270764	1.375695	0.012352	0.4
969	-0.011635	5.272261	1.375617	0.016475	0.4
970	-0.004658	6.270587	1.325258	0.012506	0.4
971	-0.003198	7.149435	1.283882	0.009400	0.3
972	-0.007497	7.986426	1.246810	0.019805	0.4
973	-0.009555	7.013344	1.290120	0.025410	0.4
974	-0.002685	8.013280	1.245656	0.017617	0.4
975	-0.006525	9.013216	1.204155	0.014262	0.4
976	-0.006342	9.827430	1.172351	0.002376	0.4
977	-0.011357	10.064523	1.163403	0.014294	0.5
978	-0.003329	10.179360	1.159118	0.008349	0.3
979	-0.000057	9.602770	1.180957	0.000075	0.5
980	-0.012434	9.610028	1.180677	0.026049	0.5
981	-0.011794	9.615517	1.180466	0.025356	0.4
982	-0.003199	10.615517	1.143127	0.017435	0.4
983	-0.000024	9.634757	1.179724	0.000024	0.4
984	-0.007487	9.628231	1.179976	0.014755	0.4
985	-0.004858	9.631329	1.179856	0.031791	0.4
986	-0.004476	8.649631	1.218921	0.008114	0.4
987	-0.002225	9.408266	1.188511	0.001242	0.4
988	-0.011006	9.504238	1.184772	0.024348	0.4
989	-0.006649	9.444995	1.187077	0.007186	0.4
990	-0.006963	10.426181	1.150014	0.023885	0.4
991	-0.000031	9.451619	1.186819	0.000032	0.6
992	-0.007234	9.439428	1.187294	0.026293	0.4
993	-0.004381	9.454157	1.186720	0.047391	0.4
994	-0.002665	8.472459	1.226249	0.005623	0.4
995	-0.007095	7.491020	1.268490	0.014822	0.5
996	-0.000047	7.984567	1.246890	0.000054	0.4
997	-0.011415	7.983453	1.246938	0.018253	0.4
998	-0.011744	7.992677	1.246541	0.010519	0.4
999	-0.000029	8.837615	1.211242	0.000075	0.4
