1:ItNr	2:Metric	3a:Time	3b:StepSize	4:||Gradient||	Time[ms]
0	-0.046328	0.000000	510.602350	0.002388	5.4
1	-0.042830	0.000000	510.602350	0.002442	0.5
2	-0.041518	0.992879	487.550972	0.002025	0.5
3	-0.050303	0.200865	505.764721	0.003952	0.7
4	-0.042223	1.193819	483.136733	0.002716	0.5
5	-0.039918	0.406641	500.902939	0.004074	0.5
6	-0.049324	1.402107	478.644690	0.002224	0.5
7	-0.050309	0.609659	496.197070	0.004760	0.5
8	-0.055525	0.000000	510.602350	0.005426	0.5
9	-0.051998	0.000000	510.602350	0.003290	0.5
10	-0.055686	0.000000	510.602350	0.002640	0.5
11	-0.064284	0.034609	509.762236	0.003547	0.4
12	-0.053862	0.000000	510.602350	0.004641	0.5
13	-0.059188	0.999985	487.393484	0.003488	0.4
14	-0.051858	1.999985	466.202451	0.001582	0.4
15	-0.042601	1.214593	482.684944	0.003728	0.4
16	-0.058702	2.211229	461.959563	0.002103	0.5
17	-0.066710	1.417852	478.308512	0.004212	0.4
18	-0.049290	2.410512	458.027111	0.003643	0.4
19	-0.062521	1.617095	474.094900	0.004006	0.4
20	-0.061451	2.617095	454.020674	0.004524	0.5
21	-0.048610	1.823677	469.803760	0.006980	0.4
22	-0.072175	1.030259	486.723698	0.002462	0.4
23	-0.059179	2.030258	465.589625	0.002758	0.5
24	-0.047746	1.239264	482.149472	0.005997	0.5
25	-0.046740	0.445847	499.987222	0.003357	0.5
26	-0.055701	1.445847	477.711955	0.003548	0.4
27	-0.064193	2.445847	457.336835	0.003867	0.4
28	-0.046325	3.442078	438.696303	0.002929	0.5
29	-0.059150	4.410687	421.973997	0.003120	0.6
30	-0.077280	3.620730	435.513052	0.001624	0.5
31	-0.060266	3.844440	431.591507	0.004958	0.7
32	-0.066650	4.840528	414.954731	0.001624	0.5
33	-0.056826	5.840515	399.494912	0.003192	0.4
34	-0.061327	5.047118	411.663556	0.003498	0.4
35	-0.057647	4.253701	424.597151	0.002248	0.7
36	-0.064858	3.676202	434.534020	0.003587	0.6
37	-0.067749	2.979865	447.152194	0.002795	0.5
38	-0.079185	2.187709	462.428145	0.003098	0.5
39	-0.066315	3.187709	443.309834	0.003671	0.4
40	-0.069313	2.395085	458.329153	0.002840	0.4
41	-0.066893	3.395085	439.541386	0.006465	0.4
42	-0.067563	2.601667	454.317458	0.005798	0.5
43	-0.091887	1.808249	470.121543	0.006128	0.4
44	-0.067487	1.014832	487.064792	0.004170	0.4
45	-0.090019	0.221414	505.274975	0.005696	0.4
46	-0.079322	0.000000	510.602350	0.003387	0.4
47	-0.085688	0.999997	487.393220	0.003783	0.5
48	-0.088341	0.206579	505.628428	0.004798	0.5
49	-0.094454	1.152085	484.046968	0.005561	0.4
50	-0.066204	2.148805	463.205299	0.002531	0.4
51	-0.088495	3.147989	444.039022	0.003428	0.4
52	-0.103056	2.354778	459.120160	0.006143	0.4
53	-0.078463	1.561360	475.266087	0.002917	0.4
54	-0.069833	2.561360	455.094667	0.001877	0.4
55	-0.081439	3.560333	436.584033	0.002660	0.4
56	-0.067845	2.776521	450.976371	0.001802	0.4
57	-0.106811	2.127995	463.622085	0.001312	0.5
58	-0.073250	2.166065	462.860193	0.005287	0.5
59	-0.079749	1.394868	478.799401	0.003845	0.5
60	-0.101338	2.394868	458.333399	0.003775	0.4
61	-0.096877	1.611008	474.222534	0.003926	0.5
62	-0.101579	2.517248	455.948308	0.003739	0.4
63	-0.091701	1.723830	471.868047	0.004934	0.4
64	-0.083953	0.930412	488.939703	0.005212	0.4
65	-0.086787	1.823468	469.808070	0.004438	0.5
66	-0.093362	2.823468	450.087680	0.006980	0.4
67	-0.095006	2.030050	465.593836	0.002592	0.4
68	-0.088866	1.240370	482.125497	0.007020	0.4
69	-0.093610	0.446952	499.961454	0.002706	0.6
70	-0.079844	0.000000	510.602350	0.005153	0.5
71	-0.093628	1.000000	487.393153	0.006262	0.5
72	-0.088697	0.206582	505.628357	0.004627	0.5
73	-0.089387	1.206582	482.859056	0.003453	0.5
74	-0.113740	1.583783	474.794214	0.003756	0.6
75	-0.116388	2.580365	454.727876	0.005173	0.5
76	-0.097586	1.786947	470.561025	0.003002	0.5
77	-0.089030	2.079038	464.605561	0.003349	0.5
78	-0.096906	3.079038	445.310540	0.004791	0.5
79	-0.112063	4.018648	428.586291	0.007738	0.5
80	-0.114902	5.018648	412.114017	0.004729	0.5
81	-0.094678	6.018648	396.861069	0.004792	0.6
82	-0.113061	7.018648	382.696893	0.002344	0.5
83	-0.086283	8.018606	369.509461	0.003324	0.5
84	-0.086079	9.017586	357.212243	0.003942	0.4
85	-0.088210	8.784844	360.003546	0.005783	0.4
86	-0.115885	9.784844	348.309365	0.004275	0.5
87	-0.111131	10.784844	337.351018	0.004942	0.5
88	-0.078381	11.784844	327.061171	0.004802	0.5
89	-0.099442	10.991426	335.172598	0.003152	0.5
90	-0.128323	11.991426	325.013213	0.004335	0.4
91	-0.120238	12.988905	315.474986	0.005482	0.5
92	-0.094821	12.195487	323.015271	0.002757	0.5
93	-0.118888	13.195487	313.569134	0.001711	0.4
94	-0.099215	14.189814	304.708898	0.001717	0.4
95	-0.122323	14.836121	299.213446	0.004106	0.5
96	-0.116073	15.369219	294.827594	0.003325	0.5
97	-0.132507	14.575801	301.402891	0.004852	0.5
98	-0.094985	13.782399	308.278031	0.003377	0.4
99	-0.099270	14.716600	300.214725	0.005315	0.4
100	-0.103632	13.923496	307.032529	0.003894	0.4
101	-0.144845	13.130078	314.170077	0.006673	0.6
102	-0.120120	14.130078	305.227026	0.005329	0.6
103	-0.129476	15.130078	296.779022	0.005038	0.5
104	-0.128696	14.336661	303.442633	0.004710	0.5
105	-0.122733	13.543243	310.412353	0.002914	0.4
106	-0.111222	12.749825	317.709774	0.003005	0.4
107	-0.133542	11.956408	325.358561	0.004108	0.4
108	-0.096715	12.953609	315.802937	0.004640	0.5
109	-0.133719	13.953603	306.768075	0.003122	0.4
110	-0.143427	13.160185	313.893189	0.004903	0.4
111	-0.118565	14.160181	304.965704	0.006782	0.4
112	-0.124408	15.160181	296.531960	0.007489	0.5
113	-0.125378	14.366763	303.184356	0.006246	0.5
114	-0.127054	15.366763	294.847503	0.003550	0.5
115	-0.140911	16.366763	286.956868	0.005069	0.4
116	-0.141808	17.366637	279.478482	0.006228	0.5
117	-0.116899	16.573219	285.380110	0.005713	0.5
118	-0.121357	17.573219	277.981710	0.003247	0.4
119	-0.149677	18.573219	270.957220	0.003831	0.5
120	-0.133103	17.779802	276.500882	0.004731	0.5
121	-0.117224	16.986384	282.276127	0.005194	0.5
122	-0.123358	16.192966	288.297773	0.004002	0.4
123	-0.140707	15.399549	294.581933	0.004452	0.4
124	-0.159288	14.612116	301.095538	0.004056	0.4
125	-0.145611	13.818699	307.956636	0.003376	0.4
126	-0.138087	13.025281	315.137716	0.004334	0.5
127	-0.155275	12.231863	322.661695	0.004750	0.4
128	-0.132143	13.231855	313.235997	0.010289	0.4
129	-0.150432	12.438438	320.668371	0.004487	0.4
130	-0.149629	11.645020	328.462025	0.004480	0.5
131	-0.138576	10.851602	336.643955	0.003422	0.5
132	-0.126621	11.847449	326.437814	0.004285	0.4
133	-0.169668	11.054031	334.517970	0.003692	0.4
134	-0.164077	10.260613	343.008286	0.003543	0.6
135	-0.143375	9.467196	351.940806	0.005717	0.6
136	-0.169494	10.467196	340.756435	0.008255	0.5
137	-0.189141	11.462416	330.309655	0.002947	0.5
138	-0.157888	10.668998	338.585052	0.005247	0.5
139	-0.176350	9.875715	347.284242	0.009117	0.4
140	-0.146669	9.082298	356.443830	0.008416	0.4
141	-0.158149	8.288880	366.099674	0.005825	0.4
142	-0.165638	9.288880	354.012741	0.006855	0.5
143	-0.153314	8.495462	363.535561	0.008010	0.4
144	-0.171327	9.495462	351.614588	0.005891	0.5
145	-0.162422	10.449997	340.942779	0.004900	0.5
146	-0.192125	9.656579	349.766661	0.004010	0.5
147	-0.196258	8.863552	359.054727	0.007944	0.5
148	-0.156793	9.863552	347.421110	0.006301	0.5
149	-0.189914	10.863552	336.517708	0.005112	0.5
150	-0.190024	11.863064	326.282699	0.003882	0.5
151	-0.207034	11.069647	334.355082	0.007971	0.5
152	-0.173901	10.276229	342.837027	0.006356	0.4
153	-0.174648	11.276229	332.215060	0.005502	0.5
154	-0.223255	12.276229	322.231505	0.004580	0.4
155	-0.158601	13.276229	312.830485	0.006283	0.4
156	-0.171269	12.482811	320.243401	0.006684	0.5
157	-0.208608	11.689394	328.016160	0.007337	0.5
158	-0.202890	10.895976	336.175617	0.007053	0.4
159	-0.173150	11.895976	325.956263	0.008508	0.4
160	-0.191894	12.895976	316.339892	0.006402	0.4
161	-0.152278	13.895976	307.274667	0.006141	0.4
162	-0.217076	14.895976	298.714524	0.005465	0.5
163	-0.220280	15.890921	290.658214	0.006154	0.4
164	-0.223100	15.097507	297.046811	0.006884	0.7
165	-0.204494	16.097507	289.039620	0.004889	0.5
166	-0.192224	17.097507	281.452782	0.007045	0.6
167	-0.169220	18.097507	274.254042	0.008369	0.7
168	-0.184982	17.304090	279.934838	0.006351	0.5
169	-0.193022	18.304090	272.812556	0.004753	0.5
170	-0.187076	17.510673	278.433188	0.007271	0.4
171	-0.197609	18.510672	271.386153	0.006592	0.7
172	-0.189407	19.510672	264.687025	0.008546	0.5
173	-0.225055	18.717255	269.974586	0.009937	0.5
174	-0.194659	19.717255	263.344114	0.006778	0.4
175	-0.192185	20.717255	257.031520	0.009079	0.4
176	-0.192127	19.923837	262.014761	0.008764	0.5
177	-0.215426	20.923837	255.764981	0.008829	0.5
178	-0.212899	21.923837	249.806404	0.008566	0.5
179	-0.225933	21.130419	254.510863	0.006440	0.4
180	-0.203936	22.130419	248.609904	0.006753	0.4
181	-0.171376	23.130419	242.976377	0.003294	0.5
182	-0.207326	22.337001	247.424810	0.006954	0.4
183	-0.196585	21.543584	252.039163	0.006064	0.4
184	-0.180931	22.543584	246.250959	0.006737	0.4
185	-0.180905	21.750166	250.821231	0.004019	0.4
186	-0.191855	22.750166	245.088196	0.005398	0.4
187	-0.191462	21.956749	249.615012	0.005705	0.4
188	-0.219387	22.956749	243.936362	0.004211	0.4
189	-0.215333	23.956749	238.510339	0.003644	0.5
190	-0.173461	24.955864	233.324944	0.005255	0.6
191	-0.197299	25.955864	228.355917	0.005969	0.4
192	-0.189161	26.955864	223.594124	0.004521	0.4
193	-0.201611	27.955864	219.026865	0.008426	0.5
194	-0.217833	27.162446	222.635066	0.004518	0.7
195	-0.185052	28.162446	218.106506	0.004214	0.4
196	-0.206153	27.369028	221.684200	0.005720	0.7
197	-0.231219	26.575611	225.381224	0.005184	0.7
198	-0.224203	27.575611	220.741422	0.003525	0.5
199	-0.223255	28.575611	216.288800	0.005841	0.4
200	-0.171376	28.180223	218.027669	0.004506	0.5
201	-0.190492	29.180223	213.682777	0.005243	0.5
202	-0.176086	28.661309	215.915561	0.005783	0.4
203	-0.202412	27.867891	219.421160	0.007185	0.4
204	-0.207459	28.867891	215.021111	0.002041	0.5
205	-0.212739	28.124713	218.274036	0.004856	0.5
206	-0.213077	27.331349	221.857026	0.005162	0.4
207	-0.203979	26.537931	225.559865	0.011451	0.4
208	-0.203839	27.537931	220.912781	0.012227	0.4
209	-0.200832	28.537931	216.453313	0.004281	0.5
210	-0.224901	29.537931	212.170326	0.005759	0.5
211	-0.201048	28.744514	215.554412	0.005627	0.4
212	-0.182922	29.744514	211.306575	0.008127	0.5
213	-0.214682	30.744514	207.222923	0.009670	0.5
214	-0.225113	31.744514	203.294118	0.005771	0.4
215	-0.206939	32.744514	199.511516	0.008160	0.4
216	-0.200552	31.951096	202.500991	0.006236	0.4
217	-0.226348	32.951096	198.747573	0.011843	0.5
218	-0.232735	33.951096	195.130765	0.010252	0.4
219	-0.217150	34.951096	191.643241	0.004573	0.4
220	-0.198317	35.951096	188.278192	0.004741	0.7
221	-0.203837	35.157678	190.938260	0.005651	0.4
222	-0.215467	34.364261	193.674567	0.005251	0.4
223	-0.212960	35.364261	190.238443	0.005431	0.4
224	-0.207647	34.572205	192.949862	0.005951	0.5
225	-0.205621	35.572205	189.539179	0.005099	0.5
226	-0.197524	36.572205	186.246979	0.005125	0.4
227	-0.210363	35.778788	188.849565	0.004786	0.4
228	-0.193837	34.990740	191.507550	0.004757	0.4
229	-0.230138	34.197322	194.260319	0.008081	0.4
230	-0.223621	35.197322	190.803565	0.006371	0.5
231	-0.202907	36.197322	187.467682	0.008294	0.5
232	-0.226782	35.403904	190.104736	0.007898	0.6
233	-0.206139	36.403904	186.793032	0.007589	0.5
234	-0.229156	37.403904	183.594735	0.006030	0.5
235	-0.221250	38.403904	180.504118	0.006344	0.4
236	-0.210675	39.403904	177.515833	0.004079	0.4
237	-0.216553	38.610496	179.878546	0.003515	0.4
238	-0.185107	38.664399	179.716036	0.008619	0.4
239	-0.162354	37.870982	182.138110	0.006537	0.4
240	-0.198484	38.870982	179.095934	0.005264	0.4
241	-0.211686	38.077564	181.501210	0.004253	0.4
242	-0.212119	37.284146	183.971973	0.005103	0.4
243	-0.218745	36.490729	186.510932	0.004798	0.5
244	-0.217171	37.490729	183.322205	0.005500	0.5
245	-0.232510	36.697311	185.843139	0.006464	0.5
246	-0.182701	35.903893	188.434372	0.005760	0.5
247	-0.209786	36.903893	185.180111	0.005574	0.4
248	-0.202018	36.110475	187.752760	0.004049	0.4
249	-0.202451	35.317676	190.395805	0.009645	0.4
250	-0.211307	36.317676	187.074041	0.013033	0.4
251	-0.193899	37.317676	183.866196	0.007267	0.4
252	-0.209377	38.317676	180.766510	0.007271	0.4
253	-0.198239	37.524259	183.217175	0.005575	0.4
254	-0.194803	36.730841	185.735201	0.007095	0.4
255	-0.218349	37.730841	182.572719	0.004665	0.5
256	-0.213252	38.730841	179.516129	0.005040	0.5
257	-0.202741	39.730841	176.560199	0.002632	0.5
258	-0.189225	40.730841	173.700037	0.006345	0.6
259	-0.214711	39.937423	175.961647	0.007774	0.5
260	-0.192247	40.937423	173.120688	0.006616	0.6
261	-0.204569	41.937423	170.370009	0.006795	0.6
262	-0.202053	42.937423	167.705372	0.006651	0.6
263	-0.228731	43.937423	165.122803	0.004899	0.5
264	-0.211895	43.144006	167.165260	0.005262	0.7
265	-0.214828	44.144006	164.599172	0.005867	0.6
266	-0.187640	43.350588	166.628615	0.004340	0.5
267	-0.245843	44.350588	164.078851	0.005119	0.5
268	-0.205962	43.557170	166.095405	0.003472	0.5
269	-0.200766	44.557170	163.561809	0.006438	0.7
270	-0.196345	44.312348	164.174919	0.002698	0.6
271	-0.222574	45.312348	161.699137	0.006513	0.6
272	-0.190261	46.292179	159.344660	0.006741	0.5
273	-0.189077	47.292179	157.011382	0.004175	0.5
274	-0.208324	46.498761	158.856980	0.005061	0.5
275	-0.207203	47.498761	156.537859	0.005646	0.5
276	-0.219227	48.498761	154.285475	0.004998	0.6
277	-0.206013	47.705343	156.067182	0.003118	0.5
278	-0.208816	46.911996	157.890359	0.002457	0.6
279	-0.202824	46.118592	159.756768	0.006290	0.5
280	-0.236647	47.118208	157.412381	0.006503	0.5
281	-0.231714	46.955383	157.789552	0.007150	0.5
282	-0.226019	47.955383	155.501267	0.004870	0.4
283	-0.211671	48.955383	153.278403	0.004703	0.5
284	-0.217366	49.955383	151.118195	0.003787	0.4
285	-0.207611	49.161965	152.827096	0.006719	0.4
286	-0.203256	50.161965	150.679502	0.003461	0.5
287	-0.209126	49.370311	152.374618	0.006365	0.5
288	-0.202897	48.603172	154.054032	0.006652	0.5
289	-0.232147	47.809755	155.830368	0.005340	0.5
290	-0.234449	48.809755	153.598153	0.003659	0.5
291	-0.225076	48.017500	155.361311	0.003448	0.4
292	-0.216249	49.017485	153.142452	0.006220	0.4
293	-0.226922	50.017485	150.986048	0.005201	0.4
294	-0.210781	49.224067	152.691944	0.005686	0.5
295	-0.206440	50.224067	150.548119	0.004755	0.6
296	-0.212730	51.224067	148.463660	0.005260	0.5
297	-0.242737	50.430861	150.112280	0.007827	0.4
298	-0.209397	51.430861	148.039789	0.011333	0.4
299	-0.204954	52.430861	146.023746	0.006196	0.6
300	-0.222482	53.430861	144.061875	0.008327	0.5
301	-0.246587	52.637443	145.614091	0.010600	0.4
302	-0.222080	53.637443	143.663139	0.003370	0.4
303	-0.246453	52.844025	145.206729	0.011145	0.5
304	-0.179805	53.844025	143.266604	0.003781	0.4
305	-0.199908	54.844025	141.377640	0.002837	0.4
306	-0.183798	54.056810	142.860446	0.002626	0.5
307	-0.202970	54.086227	142.804477	0.005477	0.5
308	-0.216586	55.086227	140.927601	0.005006	0.4
309	-0.191377	56.086227	139.099419	0.004546	0.4
310	-0.185338	57.086227	137.318063	0.003392	0.4
311	-0.193070	58.086227	135.581754	0.004046	0.4
312	-0.206080	57.292809	136.955737	0.002728	0.4
313	-0.206845	58.292808	135.228523	0.008045	0.4
314	-0.193580	57.499927	136.594386	0.003334	0.5
315	-0.207659	58.499871	134.876311	0.004690	0.5
316	-0.217136	57.706453	136.235962	0.005935	0.4
317	-0.244271	56.913036	137.623304	0.003424	0.4
318	-0.218298	57.887618	135.923097	0.003096	0.4
319	-0.259833	57.985971	135.753846	0.004793	0.4
320	-0.228468	57.192554	137.131336	0.005153	0.5
321	-0.242671	58.192554	135.399717	0.006673	0.7
322	-0.202727	57.399371	136.769584	0.004969	0.4
323	-0.238369	58.399371	135.047031	0.004631	0.5
324	-0.208728	59.399371	133.367329	0.005656	0.6
325	-0.197412	60.399371	131.728897	0.003884	0.4
326	-0.211423	61.399371	130.130233	0.003204	0.9
327	-0.248518	62.399338	128.569958	0.007880	0.5
328	-0.201034	61.910330	129.328267	0.008203	0.4
329	-0.187966	62.910330	127.787000	0.007382	0.4
330	-0.219651	62.116912	129.006829	0.005359	0.5
331	-0.216165	63.116912	127.473168	0.004129	0.4
332	-0.233421	62.323495	128.686985	0.003644	0.4
333	-0.233881	63.323343	127.161104	0.005052	0.4
334	-0.204537	62.529925	128.368957	0.003861	0.4
335	-0.212876	63.529925	126.850335	0.004895	0.4
336	-0.208650	64.529925	125.367225	0.006751	0.4
337	-0.189520	65.529925	123.918394	0.005793	0.4
338	-0.223185	64.736508	125.065152	0.006213	0.5
339	-0.189243	65.736508	123.623255	0.003115	0.5
340	-0.207896	64.943772	124.763541	0.006114	0.5
341	-0.162053	65.943772	123.328550	0.003507	0.4
342	-0.204084	65.150370	124.464345	0.004861	0.5
343	-0.210997	64.356952	125.621277	0.002431	0.4
344	-0.225955	65.356952	124.166602	0.005796	0.5
345	-0.195302	66.356399	122.746009	0.007432	0.4
346	-0.215098	67.356399	121.356795	0.004694	0.5
347	-0.200231	68.356399	119.998674	0.004701	0.7
348	-0.191708	69.356399	118.670614	0.007763	0.8
349	-0.236049	70.356399	117.371629	0.003185	0.4
350	-0.234277	71.356399	116.100773	0.005841	0.4
351	-0.222345	71.120077	116.398614	0.005683	0.7
352	-0.196310	72.120077	115.148630	0.005472	0.4
353	-0.207244	71.326660	116.138171	0.006420	0.4
354	-0.192779	72.326660	114.893744	0.005119	0.4
355	-0.199708	73.326660	113.675703	0.004073	0.4
356	-0.208197	74.326660	112.483217	0.006605	0.7
357	-0.211383	75.326660	111.315490	0.003349	0.4
358	-0.214224	76.326660	110.171760	0.004191	0.6
359	-0.222896	77.326660	109.051293	0.005091	0.5
360	-0.179266	78.326654	107.953393	0.003557	0.5
361	-0.234449	77.533237	108.822664	0.004690	0.4
362	-0.233302	78.533217	107.729355	0.002572	0.4
363	-0.224102	79.533217	106.657776	0.005827	0.4
364	-0.208826	78.741305	107.504602	0.004433	0.4
365	-0.198555	77.947888	108.366632	0.006864	0.5
366	-0.198129	78.947888	107.282401	0.005817	0.4
367	-0.222025	79.947888	106.219651	0.009213	0.4
368	-0.217269	80.947888	105.177749	0.006146	0.4
369	-0.215481	80.154470	106.002724	0.010002	0.4
370	-0.208087	81.154470	104.965053	0.004592	0.4
371	-0.223545	82.154470	103.947501	0.006489	0.4
372	-0.227459	83.154467	102.949491	0.003655	0.8
373	-0.197909	84.154467	101.970460	0.003363	0.6
374	-0.176403	85.081501	101.079351	0.005433	0.5
375	-0.247872	86.081501	100.135404	0.007915	0.5
376	-0.237223	87.081501	99.208923	0.004285	0.5
377	-0.211915	88.081501	98.299429	0.006648	0.4
378	-0.216853	87.288084	99.019661	0.002849	0.4
379	-0.207602	88.287349	98.114278	0.004675	0.4
380	-0.236176	87.493932	98.831789	0.005979	0.4
381	-0.202898	86.700514	99.559872	0.004369	0.5
382	-0.234040	85.907101	100.298757	0.007976	0.4
383	-0.186081	86.907101	99.369265	0.003577	0.7
384	-0.214860	87.907101	98.456843	0.007083	0.4
385	-0.229245	88.907101	97.561024	0.008048	0.5
386	-0.222638	89.907101	96.681360	0.005037	0.4
387	-0.192783	89.113835	97.377858	0.006238	0.4
388	-0.219460	88.320417	98.084600	0.005719	0.4
389	-0.193425	89.320417	97.195511	0.008763	0.4
390	-0.195897	90.320417	96.322396	0.004433	0.5
391	-0.207053	91.320417	95.464828	0.003770	0.6
392	-0.200691	92.318253	94.624203	0.004107	0.5
393	-0.208729	93.318253	93.796477	0.005538	0.4
394	-0.225050	92.524835	94.452014	0.005271	0.4
395	-0.217309	93.524835	93.627285	0.006500	0.4
396	-0.213556	94.524835	92.816833	0.003929	0.5
397	-0.222053	95.524835	92.020292	0.005447	0.4
398	-0.234411	96.524835	91.237306	0.005130	0.4
399	-0.228977	97.524835	90.467532	0.006238	0.4
400	-0.214679	98.524835	89.710639	0.006164	0.4
401	-0.237272	97.731418	90.310126	0.005687	0.5
402	-0.228459	98.731418	89.555853	0.009308	0.5
403	-0.229987	99.731418	88.814076	0.006383	0.5
404	-0.201371	98.938001	89.401602	0.005807	0.5
405	-0.206524	99.938001	88.662367	0.004938	0.4
406	-0.212355	100.938001	87.935256	0.004640	0.4
407	-0.198096	100.144583	88.511175	0.006120	0.5
408	-0.172690	101.144583	87.786532	0.005988	0.5
409	-0.209930	102.144583	87.073658	0.005188	0.5
410	-0.233027	103.144583	86.372269	0.006475	0.4
411	-0.235828	104.144583	85.682090	0.003319	0.4
412	-0.180443	104.603677	85.368913	0.005776	0.5
413	-0.218735	105.603676	84.694613	0.002697	0.4
414	-0.203758	104.810258	85.228737	0.005345	0.5
415	-0.200817	105.810258	84.556640	0.006664	0.5
416	-0.213055	105.016840	85.089019	0.006694	0.4
417	-0.215147	106.016840	84.419116	0.004816	0.4
418	-0.216434	105.223422	84.949759	0.005502	0.5
419	-0.193329	106.223422	84.282038	0.004139	0.4
420	-0.226930	105.430005	84.810954	0.003003	0.5
421	-0.246632	104.636587	85.346551	0.007859	0.5
422	-0.207989	105.636587	84.672602	0.008758	0.4
423	-0.208091	106.636587	84.009214	0.009062	0.4
424	-0.230533	107.636587	83.356140	0.005113	0.6
425	-0.209518	108.636587	82.713142	0.011237	0.5
426	-0.197819	107.861577	83.210602	0.003883	0.5
427	-0.217163	108.861577	82.569838	0.005077	0.5
428	-0.224214	109.861577	81.938867	0.003537	0.5
429	-0.220006	109.068159	82.438695	0.005518	0.4
430	-0.211123	108.275934	82.943894	0.003842	0.4
431	-0.196614	107.482516	83.456097	0.003596	0.4
432	-0.246713	107.391572	83.515212	0.003672	0.4
433	-0.229816	106.598154	84.034518	0.005755	0.4
434	-0.209729	107.598154	83.381052	0.007425	0.5
435	-0.218725	108.598154	82.737671	0.006085	0.5
436	-0.228646	109.598154	82.104142	0.004743	0.4
437	-0.228532	108.848446	82.578188	0.007182	0.4
438	-0.207852	109.848446	81.947090	0.004052	0.4
439	-0.218880	110.848446	81.325565	0.005333	0.5
440	-0.227175	110.055029	81.817916	0.003724	0.4
441	-0.212933	110.507721	81.536272	0.005049	0.4
442	-0.231864	111.507721	80.920940	0.004366	0.4
443	-0.245347	112.507721	80.314826	0.005813	0.5
444	-0.219411	113.504833	79.719435	0.006451	0.4
445	-0.240029	114.504833	79.131121	0.004862	0.4
446	-0.194836	113.711415	79.597184	0.004750	0.4
447	-0.217157	114.711127	79.010834	0.006575	0.4
448	-0.218221	115.711127	78.432894	0.004229	0.5
449	-0.200083	116.686242	77.877420	0.005410	0.4
450	-0.213899	117.686242	77.315883	0.007373	0.4
451	-0.197495	118.686242	76.762387	0.005864	0.4
452	-0.189524	119.686242	76.216758	0.005135	0.4
453	-0.198934	120.686242	75.678832	0.003003	0.4
454	-0.202604	119.892825	76.105006	0.006459	0.4
455	-0.219626	119.099408	76.536008	0.002337	0.4
456	-0.213555	120.099393	75.993590	0.006414	0.4
457	-0.237756	119.305975	76.423327	0.005918	0.4
458	-0.182019	118.512557	76.857951	0.005816	0.6
459	-0.220964	119.512557	76.310969	0.010465	0.6
460	-0.224805	120.512557	75.771716	0.005090	0.5
461	-0.206079	121.512557	75.240032	0.002384	0.4
462	-0.171161	120.719140	75.661265	0.004506	0.4
463	-0.214496	121.642121	75.171691	0.004300	0.4
464	-0.192327	120.848703	75.592156	0.004708	0.5
465	-0.206669	120.055285	76.017353	0.003130	0.5
466	-0.213873	121.055285	75.482227	0.006439	0.5
467	-0.209770	120.261868	75.906184	0.008404	0.4
468	-0.194495	121.261868	75.372618	0.009647	0.5
469	-0.228547	120.468450	75.795341	0.007391	0.5
470	-0.213952	121.468450	75.263326	0.004660	0.4
471	-0.229994	120.712402	75.664862	0.004931	0.4
472	-0.199065	121.712401	75.134671	0.002606	0.5
473	-0.241602	120.919009	75.554709	0.003715	0.5
474	-0.191877	121.919009	75.026054	0.006771	0.5
475	-0.233975	122.919009	74.504747	0.006414	0.4
476	-0.173623	123.919009	73.990634	0.005274	0.5
477	-0.183106	124.919009	73.483568	0.005199	0.4
478	-0.231330	125.569620	73.157380	0.005490	0.4
479	-0.208385	124.776203	73.555554	0.004455	0.4
480	-0.213253	125.775946	73.054541	0.002622	0.4
481	-0.208669	124.983636	73.451036	0.007157	0.4
482	-0.209304	125.983636	72.951314	0.003850	0.5
483	-0.209175	126.983636	72.458345	0.004265	0.4
484	-0.229056	126.190337	72.848868	0.003839	0.7
485	-0.198613	125.396919	73.243682	0.002998	0.4
486	-0.212829	126.120656	72.883371	0.003592	0.5
487	-0.228793	125.327238	73.278561	0.005552	0.5
488	-0.216424	126.327238	72.781174	0.003966	0.4
489	-0.199912	125.533820	73.175253	0.006251	0.4
490	-0.219749	126.533820	72.679263	0.005226	0.4
491	-0.226861	125.740402	73.072236	0.003957	0.6
492	-0.188166	124.946985	73.469482	0.007227	0.6
493	-0.219245	125.942493	72.971740	0.009236	0.5
494	-0.205830	126.942493	72.478496	0.004931	0.5
495	-0.228708	127.942493	71.991875	0.004002	0.5
496	-0.219288	128.942493	71.511745	0.005068	0.4
497	-0.192368	129.942493	71.037977	0.004601	0.5
498	-0.193122	129.149076	71.413356	0.003571	0.4
499	-0.237615	128.355661	71.792721	0.004108	0.4
500	-0.194849	127.562244	72.176140	0.003598	0.4
501	-0.222504	128.562244	71.693558	0.005060	0.5
502	-0.242128	129.562244	71.217386	0.004956	0.4
503	-0.200244	128.768826	71.594668	0.003492	0.4
504	-0.214793	129.768826	71.119804	0.003308	0.5
505	-0.216796	128.977185	71.495203	0.004599	0.5
506	-0.195774	129.977185	71.021654	0.004319	0.4
507	-0.218660	129.183771	71.396858	0.002931	0.4
508	-0.221422	128.718373	71.618794	0.003200	0.4
509	-0.235279	129.712589	71.146342	0.007939	0.4
510	-0.225454	128.919172	71.522870	0.006039	0.6
511	-0.241273	128.127905	71.902367	0.007393	0.5
512	-0.199495	129.127905	71.423426	0.004248	0.5
513	-0.213086	130.127905	70.950824	0.003789	0.5
514	-0.212813	129.334487	71.325280	0.004356	0.4
515	-0.220864	130.329128	70.856480	0.004688	0.4
516	-0.210184	131.329128	70.391326	0.001920	0.4
517	-0.237146	130.550828	70.752826	0.007331	0.4
518	-0.217998	131.550828	70.289028	0.005449	0.5
519	-0.228733	130.757410	70.656513	0.003954	0.4
520	-0.202987	131.757410	70.193972	0.005194	0.4
521	-0.193506	131.016449	70.536112	0.006453	0.4
522	-0.232875	130.223031	70.906192	0.004668	0.4
523	-0.213969	129.429614	71.280176	0.005926	0.7
524	-0.207186	130.429614	70.809461	0.004642	0.6
525	-0.220300	131.429614	70.344922	0.005383	0.6
526	-0.239420	130.636196	70.712994	0.005923	0.5
527	-0.210982	131.636196	70.249716	0.005130	0.5
528	-0.204925	132.636196	69.792468	0.004975	0.4
529	-0.225703	131.842778	70.154766	0.003068	0.6
530	-0.214832	132.842778	69.698750	0.007557	0.5
531	-0.233957	132.049361	70.060073	0.004734	0.4
532	-0.225183	133.049361	69.605283	0.005151	0.5
533	-0.209319	134.049361	69.156360	0.003534	0.4
534	-0.219121	133.255943	69.512066	0.008426	0.5
535	-0.215486	132.462525	69.871451	0.005869	0.5
536	-0.224378	133.462525	69.419099	0.004883	0.4
537	-0.190860	134.462525	68.972566	0.002849	0.4
538	-0.231443	133.669110	69.326379	0.005271	0.5
539	-0.202782	132.875692	69.683841	0.006121	0.5
540	-0.237884	133.875692	69.233907	0.006087	0.4
541	-0.229663	133.082275	69.590414	0.006116	0.4
542	-0.220614	134.082275	69.141682	0.005944	0.5
543	-0.232295	135.082274	68.698700	0.002230	0.5
544	-0.202971	135.621466	68.462195	0.006419	0.4
545	-0.200889	134.828051	68.810778	0.008778	0.5
546	-0.207143	135.828051	68.372012	0.005128	0.5
547	-0.222208	136.828041	67.938811	0.008340	0.5
548	-0.197513	136.034623	68.282072	0.004231	0.5
549	-0.178070	136.981570	67.872786	0.003446	0.4
550	-0.216745	137.925731	67.469561	0.007817	0.5
551	-0.193119	138.899165	67.058820	0.002533	0.4
552	-0.219915	139.899165	66.642045	0.004754	0.5
553	-0.195883	139.105750	66.972294	0.009234	0.4
554	-0.213667	138.312332	67.305834	0.006587	0.4
555	-0.249505	139.312332	66.885992	0.006327	0.4
556	-0.222145	140.312332	66.471355	0.004207	0.4
557	-0.206504	139.518915	66.799912	0.005894	0.5
558	-0.226443	140.518915	66.386339	0.004595	0.7
559	-0.215631	139.725502	66.714051	0.004977	0.5
560	-0.201469	140.692954	66.314883	0.005925	0.4
561	-0.222810	141.692954	65.907276	0.003768	0.5
562	-0.208427	142.692950	65.504650	0.007229	0.5
563	-0.219471	141.899533	65.823696	0.002478	0.5
564	-0.216802	141.106124	66.145862	0.004472	0.6
565	-0.195928	142.106123	65.740324	0.003656	0.6
566	-0.199282	141.312706	66.061676	0.001837	0.4
567	-0.209162	140.520246	66.385791	0.005687	0.4
568	-0.206353	139.726828	66.713501	0.002647	0.4
569	-0.200727	138.933410	67.044461	0.002591	0.5
570	-0.197851	138.139993	67.378722	0.002868	0.5
571	-0.212411	137.347904	67.715764	0.004087	0.4
572	-0.224434	136.554553	68.056741	0.004173	0.4
573	-0.202126	135.761143	68.401194	0.005736	0.5
574	-0.223141	136.761143	67.967620	0.005677	0.4
575	-0.203652	137.761143	67.539507	0.004100	0.4
576	-0.232262	138.761143	67.116754	0.006333	0.4
577	-0.213689	139.761143	66.699260	0.004177	0.4
578	-0.236987	138.967726	67.030079	0.003653	0.5
579	-0.221647	139.967725	66.613660	0.004944	0.4
580	-0.239500	140.967725	66.202383	0.004104	0.4
581	-0.214731	140.174534	66.528186	0.004749	0.4
582	-0.198533	139.381117	66.857306	0.004815	0.7
583	-0.192930	140.381117	66.443024	0.004127	0.4
584	-0.195365	141.354474	66.044680	0.004559	0.4
585	-0.242848	142.354474	65.640378	0.006589	0.4
586	-0.233965	143.354474	65.240995	0.005847	0.4
587	-0.226275	142.561057	65.557472	0.003072	0.5
588	-0.202384	143.458251	65.199826	0.006041	0.5
589	-0.207193	142.664833	65.515903	0.004552	0.5
590	-0.224662	143.651702	65.123222	0.008315	0.4
591	-0.222644	142.858312	65.438544	0.007783	0.5
592	-0.183508	143.858312	65.041606	0.007017	0.4
593	-0.207692	143.064894	65.356147	0.005414	0.4
594	-0.194974	144.064894	64.960205	0.003961	0.4
595	-0.254706	145.064894	64.569032	0.005070	0.5
596	-0.191832	144.271593	64.878962	0.008012	0.4
597	-0.216178	145.271593	64.488763	0.005613	0.4
598	-0.213184	146.271593	64.103230	0.004996	0.4
599	-0.216897	147.271593	63.722279	0.004747	0.5
600	-0.202273	146.478176	64.024159	0.003776	0.5
601	-0.223484	145.772968	64.294888	0.003532	0.4
602	-0.227354	145.115520	64.549353	0.004821	0.4
603	-0.212769	144.322102	64.859140	0.005857	0.4
604	-0.221899	145.322102	64.469179	0.004907	0.5
605	-0.208166	146.307990	64.089285	0.007014	0.5
606	-0.227959	147.307990	63.708499	0.007058	0.5
607	-0.215580	146.533998	64.002826	0.004248	0.4
608	-0.217269	147.533993	63.623066	0.004953	0.4
609	-0.165311	148.142246	63.394271	0.005206	0.5
610	-0.228471	149.024934	63.065158	0.004033	0.4
611	-0.247663	148.231516	63.360830	0.008950	0.6
612	-0.220634	149.231516	62.988626	0.002932	0.5
613	-0.210779	150.229985	62.621330	0.004633	0.6
614	-0.242698	151.216617	62.262571	0.007271	0.5
615	-0.202407	152.216617	61.903122	0.007126	0.5
616	-0.219805	153.216617	61.547799	0.003790	0.4
617	-0.254460	152.423200	61.829383	0.004336	0.5
618	-0.233591	153.423200	61.474903	0.004619	0.7
619	-0.230753	153.136460	61.576130	0.007569	0.6
620	-0.255419	154.136460	61.224541	0.005158	0.5
621	-0.207864	153.343042	61.503168	0.008335	0.5
622	-0.236668	154.343042	61.152408	0.003944	0.5
623	-0.191575	155.343042	60.805628	0.003145	0.4
624	-0.238634	154.549625	61.080446	0.006357	0.4
625	-0.225947	155.514037	60.746723	0.004409	0.4
626	-0.189845	156.514037	60.404515	0.006562	0.5
627	-0.186999	157.514037	60.066141	0.005146	0.4
628	-0.216743	158.514037	59.731537	0.007301	0.4
629	-0.201269	157.720620	59.996711	0.004761	0.4
630	-0.203377	156.927202	60.264250	0.004323	0.5
631	-0.241270	156.133784	60.534185	0.008157	0.5
632	-0.219641	155.344179	60.805235	0.005635	0.4
633	-0.184651	156.344179	60.462370	0.005450	0.4
634	-0.188396	157.344179	60.123349	0.004592	0.4
635	-0.202289	158.344179	59.788109	0.003369	0.4
636	-0.244808	157.550762	60.053787	0.003104	0.4
637	-0.236149	158.548443	59.720091	0.003700	0.4
638	-0.204913	157.916241	59.931113	0.003129	0.4
639	-0.232997	158.916241	59.598007	0.006302	0.5
640	-0.248850	158.122823	59.861994	0.003783	0.4
641	-0.207713	159.122823	59.529654	0.005316	0.5
642	-0.218621	160.122823	59.200984	0.001525	0.6
643	-0.200997	160.746364	58.997875	0.007094	0.4
644	-0.229494	159.952947	59.256561	0.003711	0.4
645	-0.208400	160.952945	58.930892	0.010107	0.4
646	-0.242749	161.952945	58.608782	0.004754	0.5
647	-0.222837	162.952945	58.290175	0.005542	0.4
648	-0.177888	163.952945	57.975013	0.002546	0.4
649	-0.236652	164.951048	57.663828	0.005713	0.4
650	-0.198375	165.951027	57.355392	0.005509	0.4
651	-0.212254	166.951027	57.050230	0.004677	0.7
652	-0.181471	166.157609	57.292083	0.002550	0.5
653	-0.238440	167.152301	56.989201	0.005554	0.6
654	-0.215586	168.151331	56.688205	0.005918	0.5
655	-0.214600	169.151331	56.390083	0.008541	0.5
656	-0.231973	170.151331	56.095081	0.003504	0.4
657	-0.242275	169.357914	56.328887	0.003093	0.5
658	-0.208021	170.357914	56.034523	0.005167	0.4
659	-0.228029	169.564497	56.267823	0.006108	0.4
660	-0.201413	170.564497	55.974095	0.003847	0.4
661	-0.201791	171.564497	55.683418	0.002772	0.5
662	-0.204664	170.773996	55.912947	0.003803	0.4
663	-0.200124	169.980579	56.145234	0.002965	0.4
664	-0.234023	170.980579	55.852782	0.005682	0.4
665	-0.201510	171.977047	55.564377	0.003816	0.5
666	-0.209723	171.183630	55.793771	0.005029	0.6
667	-0.242150	172.183627	55.504959	0.006887	0.4
668	-0.188055	171.390210	55.733862	0.005492	0.5
669	-0.223581	172.390210	55.445668	0.004274	0.4
670	-0.191483	173.390210	55.160439	0.007993	0.5
671	-0.199730	172.596792	55.386503	0.007263	0.4
672	-0.231247	171.803374	55.614428	0.003181	0.4
673	-0.200399	171.009957	55.844236	0.003680	0.4
674	-0.191303	172.009957	55.554903	0.002487	0.5
675	-0.196775	172.016020	55.553157	0.003805	0.4
676	-0.229987	171.222921	55.782366	0.003917	0.4
677	-0.222282	172.222921	55.493672	0.005204	0.5
678	-0.219521	173.222607	55.208039	0.008879	0.5
679	-0.221745	172.429190	55.434495	0.008295	0.5
680	-0.223907	173.429190	55.149381	0.006215	0.5
681	-0.215131	174.429190	54.867184	0.002347	0.4
682	-0.216164	175.429117	54.587881	0.006538	0.4
683	-0.226406	175.961048	54.440457	0.005490	0.4
684	-0.221550	176.961048	54.165451	0.004026	0.7
685	-0.228565	176.167630	54.383417	0.004886	0.6
686	-0.219952	177.167630	54.108985	0.005716	0.5
687	-0.212215	178.167630	53.837310	0.003716	0.5
688	-0.197939	177.374212	54.052637	0.008171	0.4
689	-0.221324	178.374212	53.781526	0.004374	0.4
690	-0.226442	179.319196	53.527817	0.005501	0.4
691	-0.242754	178.525779	53.740672	0.005374	0.6
692	-0.187960	179.524572	53.472995	0.003898	0.4
693	-0.218097	180.524559	53.207656	0.005248	0.4
694	-0.241325	179.731142	53.417966	0.003586	0.5
695	-0.250422	180.731142	53.153168	0.003866	0.5
696	-0.197099	181.730990	52.891023	0.003291	0.5
697	-0.223185	180.937572	53.098833	0.004460	0.5
698	-0.192429	181.897850	52.847526	0.004889	0.5
699	-0.182671	182.897850	52.588339	0.007355	0.5
700	-0.176197	182.104432	52.793773	0.002655	0.4
701	-0.246792	183.104432	52.535113	0.006151	0.4
702	-0.243791	182.311015	52.740130	0.008448	0.4
703	-0.248587	183.311015	52.481994	0.005920	0.4
704	-0.206787	184.311015	52.226372	0.003184	0.4
705	-0.206095	185.311015	51.973228	0.005198	0.4
706	-0.210561	185.361798	51.960438	0.004248	0.4
707	-0.210142	186.361798	51.709859	0.007733	0.5
708	-0.230295	187.361798	51.461686	0.004483	0.5
709	-0.187749	186.568380	51.658395	0.004058	0.4
710	-0.212963	185.774963	51.856614	0.003836	0.4
711	-0.207737	186.774963	51.607033	0.004453	0.4
712	-0.228853	185.981545	51.804857	0.004140	0.4
713	-0.204421	186.981545	51.555773	0.004011	0.4
714	-0.242594	186.188302	51.753160	0.003902	0.4
715	-0.194984	187.188301	51.504572	0.005084	0.4
716	-0.202966	187.933883	51.320778	0.004739	0.4
717	-0.218894	188.933883	51.076316	0.005886	0.5
718	-0.205755	188.140465	51.270085	0.007828	0.6
719	-0.213786	189.140465	51.026105	0.004602	0.6
720	-0.213054	190.140406	50.784450	0.003915	0.5
721	-0.218700	191.122375	50.549356	0.007162	0.4
722	-0.188647	190.328957	50.739139	0.008018	0.4
723	-0.230548	191.328957	50.500174	0.005343	0.4
724	-0.197405	192.328957	50.263450	0.003076	0.4
725	-0.223698	191.535539	50.451089	0.005944	0.4
726	-0.222005	192.535499	50.214833	0.006647	0.5
727	-0.205404	191.742081	50.402108	0.004319	0.4
728	-0.251060	192.736850	50.167528	0.005973	0.4
729	-0.203502	193.736850	49.933905	0.003684	0.4
730	-0.209787	192.943432	50.119086	0.003399	0.5
731	-0.200670	193.943253	49.885955	0.004258	0.4
732	-0.207479	194.938090	49.656128	0.003640	0.4
733	-0.224188	194.252628	49.814255	0.003136	0.4
734	-0.177458	193.459210	49.998549	0.003791	0.4
735	-0.219990	194.459210	49.766493	0.004482	0.5
736	-0.235299	195.450029	49.538683	0.007080	0.5
737	-0.211198	194.656612	49.720940	0.005069	0.5
738	-0.226146	193.863194	49.904542	0.004317	0.4
739	-0.231766	193.069776	50.089506	0.004293	0.5
740	-0.196547	194.061053	49.858629	0.004079	0.5
741	-0.226862	193.267636	50.043252	0.004258	0.4
742	-0.250642	194.267633	49.810783	0.005416	0.4
743	-0.192814	193.474215	49.995051	0.002155	0.4
744	-0.200470	193.657083	49.952460	0.005399	0.4
745	-0.244914	194.657083	49.720831	0.003823	0.5
746	-0.229087	195.657083	49.491340	0.004375	0.5
747	-0.201445	196.657083	49.263958	0.002566	0.5
748	-0.215015	195.864082	49.444100	0.004476	0.5
749	-0.224834	195.070781	49.625633	0.006037	0.5
750	-0.198215	194.700028	49.710932	0.004412	0.4
751	-0.208275	195.700028	49.481532	0.002544	0.4
752	-0.223261	194.944518	49.654649	0.004435	0.6
753	-0.210108	195.944516	49.425768	0.005309	0.5
754	-0.222863	196.944516	49.198987	0.006798	0.5
755	-0.210472	197.944516	48.974277	0.005182	0.5
756	-0.220094	197.151098	49.152397	0.007472	0.5
757	-0.223395	198.151098	48.928111	0.007596	0.5
758	-0.207401	199.151098	48.705864	0.005708	0.4
759	-0.215741	198.357680	48.882033	0.004752	0.5
760	-0.223684	199.357679	48.660203	0.004385	0.5
761	-0.204312	200.357676	48.440377	0.004180	0.5
762	-0.235873	201.357676	48.222529	0.005137	0.5
763	-0.196602	200.564648	48.395127	0.005444	0.4
764	-0.190823	201.564648	48.177684	0.004228	0.5
765	-0.223441	202.564648	47.962187	0.003885	0.5
766	-0.218473	201.778367	48.131466	0.005618	0.5
767	-0.215355	202.778367	47.916380	0.003245	0.4
768	-0.223793	201.984949	48.086875	0.003228	0.4
769	-0.225743	201.784540	48.130132	0.004598	0.5
770	-0.216603	200.991122	48.302154	0.004661	0.4
771	-0.221523	200.197704	48.475410	0.006124	0.4
772	-0.214644	201.188476	48.259251	0.004206	0.5
773	-0.241157	200.395058	48.432198	0.005902	0.5
774	-0.211623	201.395058	48.214423	0.005237	0.5
775	-0.186428	202.395058	47.998597	0.003422	0.5
776	-0.209410	203.287100	47.807695	0.007402	0.4
777	-0.209580	204.278264	47.597354	0.002660	0.7
778	-0.214923	205.270236	47.388687	0.004816	0.4
779	-0.233739	205.586807	47.322479	0.004581	0.4
780	-0.244023	204.793390	47.488766	0.006785	0.4
781	-0.215023	203.999972	47.656225	0.005744	0.4
782	-0.195109	203.206571	47.824867	0.006933	0.7
783	-0.221056	202.413153	47.994709	0.006353	0.4
784	-0.244940	201.619735	48.165763	0.004509	0.6
785	-0.236122	202.619735	47.950371	0.004276	0.5
786	-0.223794	201.826318	48.121108	0.005211	0.5
787	-0.181653	201.197445	48.257303	0.003532	0.5
788	-0.222628	202.197445	48.041094	0.004439	0.4
789	-0.223992	203.197445	47.826813	0.003399	0.4
790	-0.216885	202.408662	47.995674	0.004793	0.4
791	-0.209252	201.615331	48.166716	0.004473	0.4
792	-0.220204	202.615331	47.951316	0.004218	0.4
793	-0.247222	201.821913	48.122059	0.003266	0.5
794	-0.226789	202.821913	47.907058	0.006875	0.4
795	-0.245011	203.821913	47.693969	0.004268	0.4
796	-0.206424	204.821913	47.482767	0.006674	0.4
797	-0.214507	205.821913	47.273428	0.004769	0.4
798	-0.256936	206.821913	47.065926	0.005715	0.4
799	-0.219498	206.028496	47.230412	0.003832	0.7
800	-0.203887	205.235078	47.396051	0.004077	0.6
801	-0.214201	206.235078	47.187474	0.004298	0.6
802	-0.198619	207.065476	47.015662	0.006202	0.5
803	-0.221767	208.065476	46.810412	0.003615	0.5
804	-0.209725	209.065476	46.606947	0.003561	0.6
805	-0.197298	210.065452	46.405247	0.003915	0.5
806	-0.194542	209.272035	46.565139	0.002016	0.5
807	-0.214760	210.272016	46.363799	0.004047	0.5
808	-0.222059	209.478657	46.523394	0.008165	0.5
809	-0.239462	208.685240	46.684103	0.005854	0.5
810	-0.222199	209.685240	46.481731	0.006403	0.5
811	-0.188085	208.891822	46.642152	0.005246	0.4
812	-0.199717	208.098404	46.803684	0.004851	0.4
813	-0.216122	209.098404	46.600277	0.006777	0.4
814	-0.211019	208.304987	46.761518	0.004097	0.5
815	-0.230883	209.304558	46.558563	0.007102	0.6
816	-0.187794	210.304558	46.357277	0.005570	0.6
817	-0.235771	211.304558	46.157723	0.007315	0.5
818	-0.192860	212.304558	45.959879	0.004569	0.5
819	-0.241276	211.514163	46.116113	0.004645	0.5
820	-0.223037	212.514163	45.918625	0.006548	0.5
821	-0.219714	211.720755	46.075174	0.006957	0.5
822	-0.168365	212.720755	45.878037	0.005062	0.4
823	-0.204724	211.927337	46.034310	0.007013	0.5
824	-0.224868	212.927337	45.837521	0.005997	0.5
825	-0.212669	212.133920	45.993519	0.002547	0.4
826	-0.215311	211.596114	46.099865	0.005365	0.5
827	-0.241739	210.802696	46.257656	0.003241	0.5
828	-0.211344	210.013292	46.415725	0.003180	0.6
829	-0.226772	209.219875	46.575689	0.002861	0.4
830	-0.239894	208.435554	46.734907	0.005029	0.5
831	-0.205497	207.642362	46.897037	0.005281	0.4
832	-0.231430	208.642362	46.692820	0.003424	0.5
833	-0.220440	209.642362	46.490373	0.005626	0.5
834	-0.203545	210.642362	46.289674	0.006433	0.4
835	-0.221749	209.848944	46.448769	0.006007	0.4
836	-0.229468	210.848944	46.248429	0.003546	0.4
837	-0.230843	211.848944	46.049809	0.003697	0.4
838	-0.225690	212.848944	45.852888	0.003320	0.4
839	-0.204891	213.840048	45.659373	0.003559	0.4
840	-0.218217	214.840048	45.465770	0.002108	0.4
841	-0.216047	215.836683	45.274445	0.005560	0.5
842	-0.214920	216.836662	45.084089	0.003955	0.5
843	-0.218074	216.043245	45.234992	0.004976	0.4
844	-0.205959	215.249827	45.386909	0.005157	0.4
845	-0.228273	216.236095	45.198221	0.003178	0.5
846	-0.233452	217.206895	45.014018	0.004212	0.4
847	-0.208966	218.206895	44.825837	0.005794	0.4
848	-0.214351	217.413478	44.975013	0.005379	0.6
849	-0.220525	216.620093	45.125180	0.004652	0.6
850	-0.210196	217.620093	44.936071	0.003473	0.5
851	-0.221134	218.620079	44.748543	0.005750	0.5
852	-0.199552	219.620079	44.562571	0.005718	0.4
853	-0.209311	220.620079	44.378139	0.004683	0.5
854	-0.173170	221.620079	44.195227	0.006388	0.5
855	-0.200897	220.826661	44.340228	0.003419	0.4
856	-0.223604	220.033244	44.486184	0.006218	0.4
857	-0.181456	221.022943	44.304268	0.003925	0.5
858	-0.209878	220.229623	44.449969	0.005577	0.6
859	-0.228817	219.436205	44.596650	0.007192	0.5
860	-0.196770	220.436205	44.411936	0.004736	0.5
861	-0.173636	219.642787	44.558366	0.002909	0.5
862	-0.209129	220.642787	44.373968	0.002937	0.5
863	-0.192363	219.849675	44.520091	0.002683	0.5
864	-0.239016	219.056261	44.667235	0.003642	0.4
865	-0.217452	220.056203	44.481947	0.006980	0.5
866	-0.210112	221.056203	44.298180	0.005210	0.5
867	-0.220523	222.056203	44.115925	0.006492	0.5
868	-0.240478	223.056203	43.935164	0.005316	0.4
869	-0.177020	222.262786	44.078462	0.004078	0.4
870	-0.229509	221.469368	44.222697	0.003725	0.4
871	-0.214605	222.469368	44.041061	0.008626	0.5
872	-0.211598	223.469368	43.860912	0.004444	0.5
873	-0.215598	222.675951	44.003724	0.004941	0.5
874	-0.194193	223.675951	43.823879	0.007234	0.5
875	-0.223858	222.882537	43.966450	0.005293	0.4
876	-0.210371	223.882537	43.786909	0.003690	0.5
877	-0.230229	224.882535	43.608829	0.006048	0.5
878	-0.242467	225.834039	43.440724	0.004359	0.7
879	-0.228998	226.834039	43.265443	0.003610	0.6
880	-0.221345	227.834039	43.091570	0.005672	0.5
881	-0.201238	228.834039	42.919089	0.004243	0.5
882	-0.200112	229.834039	42.747984	0.006202	0.5
883	-0.203205	230.834039	42.578237	0.004013	0.4
884	-0.199256	231.834039	42.409833	0.003346	0.4
885	-0.217217	231.040621	42.543338	0.004194	0.4
886	-0.188713	232.040621	42.375210	0.004197	0.4
887	-0.253255	232.983566	42.217886	0.003947	0.4
888	-0.223534	233.983566	42.052315	0.005856	0.5
889	-0.204306	234.983566	41.888038	0.004035	0.4
890	-0.247871	235.983566	41.725039	0.003872	0.6
891	-0.226626	236.982727	41.563439	0.003479	0.5
892	-0.224699	237.941292	41.409577	0.006495	0.5
893	-0.199869	237.147880	41.536848	0.005162	0.5
894	-0.240031	236.354463	41.664905	0.006479	0.5
895	-0.202801	235.561159	41.793736	0.004185	0.4
896	-0.201974	236.561159	41.631469	0.004751	0.4
897	-0.198597	235.767789	41.760103	0.003677	0.4
898	-0.241202	236.767789	41.598096	0.005907	0.5
899	-0.234048	235.974371	41.726532	0.004302	0.5
900	-0.242093	236.974371	41.564785	0.004502	0.5
901	-0.210751	237.194593	41.529334	0.006296	0.7
902	-0.212887	236.401175	41.657344	0.003609	0.5
903	-0.230613	237.397196	41.496771	0.007013	0.4
904	-0.243704	238.397196	41.336798	0.004496	0.8
905	-0.223347	239.394889	41.178417	0.005801	0.5
906	-0.222061	238.629412	41.299825	0.004596	0.4
907	-0.185989	239.629412	41.141363	0.002715	0.4
908	-0.205706	238.835995	41.266990	0.003516	0.4
909	-0.237075	239.835865	41.108800	0.004910	0.7
910	-0.218525	240.835865	40.951798	0.007856	0.7
911	-0.217184	241.835865	40.795990	0.003380	0.5
912	-0.191255	242.835865	40.641364	0.003977	0.4
913	-0.231320	243.682064	40.511432	0.006302	0.4
914	-0.218344	242.888646	40.633235	0.003964	0.4
915	-0.214588	243.888646	40.479838	0.004057	0.4
916	-0.213856	243.095234	40.601450	0.005410	0.4
917	-0.185296	244.095234	40.448292	0.002911	0.5
918	-0.214800	245.095234	40.296285	0.008816	0.5
919	-0.224808	244.301816	40.416796	0.003917	0.4
920	-0.214296	245.301816	40.265025	0.004325	0.4
921	-0.215902	244.508398	40.385349	0.004204	0.5
922	-0.216573	243.714980	40.506394	0.004000	0.5
923	-0.242753	244.708533	40.354930	0.004706	0.5
924	-0.203365	245.708533	40.203623	0.003879	0.4
925	-0.211971	246.707672	40.053575	0.006580	0.5
926	-0.216141	247.707672	39.904515	0.005727	0.7
927	-0.218567	248.707672	39.756560	0.005191	0.4
928	-0.211168	247.917945	39.873313	0.005185	0.5
929	-0.231664	247.150803	39.987385	0.002617	0.5
930	-0.207600	248.150594	39.838847	0.002079	0.7
931	-0.202379	249.145937	39.692062	0.003991	0.4
932	-0.220397	248.352545	39.808977	0.005835	0.5
933	-0.207689	249.352545	39.661729	0.004564	0.5
934	-0.211057	250.352545	39.515566	0.005858	0.4
935	-0.226109	251.352545	39.370476	0.003692	0.4
936	-0.195386	250.559128	39.485505	0.005385	0.5
937	-0.233378	249.765710	39.601209	0.005273	0.5
938	-0.215831	250.765710	39.455490	0.003810	0.4
939	-0.225075	249.972508	39.570986	0.005806	0.5
940	-0.241850	250.972503	39.425491	0.006118	0.5
941	-0.257620	251.972503	39.281060	0.004864	0.4
942	-0.220880	252.972503	39.137684	0.004802	0.7
943	-0.237542	253.540023	39.056780	0.003094	0.5
944	-0.234390	254.538673	38.915225	0.003710	0.5
945	-0.197145	255.371994	38.797887	0.006423	0.5
946	-0.212788	256.371994	38.658010	0.005976	0.6
947	-0.227146	257.371994	38.519138	0.004364	0.5
948	-0.209223	258.371994	38.381261	0.004422	0.5
949	-0.216841	257.578577	38.490574	0.004200	0.4
950	-0.240544	258.578577	38.352901	0.003415	0.4
951	-0.202150	257.785159	38.462052	0.007489	0.4
952	-0.177407	258.783510	38.324808	0.003959	0.6
953	-0.214893	259.783510	38.188316	0.005834	0.5
954	-0.233305	260.783510	38.052792	0.006442	0.5
955	-0.195679	261.783510	37.918227	0.007380	0.5
956	-0.228862	260.990114	38.024912	0.004684	0.4
957	-0.228900	261.990114	37.890544	0.003266	0.4
958	-0.226412	262.990114	37.757122	0.003672	0.6
959	-0.221980	263.990114	37.624636	0.005223	0.4
960	-0.237025	264.990114	37.493077	0.006303	0.4
961	-0.208406	265.990114	37.362435	0.005634	0.4
962	-0.225083	265.196696	37.466014	0.005199	0.4
963	-0.228964	266.189200	37.336534	0.003712	0.4
964	-0.187278	267.189200	37.206978	0.005321	0.4
965	-0.195199	266.395782	37.309696	0.002345	0.5
966	-0.231379	267.395782	37.180327	0.005880	0.4
967	-0.228077	266.812006	37.255740	0.005006	0.4
968	-0.236601	266.024225	37.357994	0.002207	0.4
969	-0.218949	267.024225	37.228290	0.003477	0.4
970	-0.223022	268.003507	37.102143	0.004384	0.4
971	-0.211678	269.003440	36.974214	0.007586	0.4
972	-0.219059	270.003440	36.847157	0.007216	0.4
973	-0.229490	271.003440	36.720969	0.005515	0.4
974	-0.206736	270.210022	36.821018	0.004973	0.7
975	-0.215471	269.416605	36.921613	0.002211	0.5
976	-0.238978	270.416605	36.794916	0.006424	0.5
977	-0.250867	269.623187	36.895368	0.007184	0.5
978	-0.210843	268.829769	36.996370	0.004978	0.4
979	-0.204260	268.036352	37.097927	0.003991	0.6
980	-0.211130	269.036352	36.970019	0.006610	0.5
981	-0.230907	268.242934	37.071431	0.006423	0.5
982	-0.204555	269.242934	36.943705	0.004903	0.4
983	-0.217030	268.449516	37.044972	0.007647	0.5
984	-0.199723	267.656098	37.146797	0.004481	0.5
985	-0.215839	266.862681	37.249182	0.005737	0.4
986	-0.207665	267.862681	37.120231	0.004866	0.4
987	-0.180907	268.862681	36.992169	0.004492	0.5
988	-0.206339	269.862675	36.864989	0.003121	0.5
989	-0.241373	269.069259	36.965825	0.004067	0.5
990	-0.212437	270.068134	36.838967	0.006419	0.5
991	-0.203804	269.274716	36.939660	0.005486	0.5
992	-0.242022	268.481298	37.040905	0.007259	0.5
993	-0.206490	269.480946	36.913434	0.007409	0.5
994	-0.217028	270.480946	36.786793	0.005825	0.5
995	-0.240868	271.480946	36.661018	0.005377	0.5
996	-0.210006	272.480946	36.536101	0.006514	0.5
997	-0.244386	273.480946	36.412031	0.002820	0.4
998	-0.238531	274.138813	36.330868	0.003064	0.4
999	-0.205863	273.484029	36.411650	0.004125	0.5
1000	-0.235917	272.690611	36.510018	0.004709	0.4
1001	-0.212299	273.689618	36.386247	0.005396	0.5
1002	-0.208461	274.689618	36.263192	0.005651	0.5
1003	-0.239149	273.896201	36.360758	0.004894	0.5
1004	-0.241434	274.896201	36.237874	0.005689	0.4
1005	-0.221323	274.102783	36.335304	0.005130	0.5
1006	-0.223737	273.558478	36.402447	0.003668	0.5
1007	-0.219434	274.516665	36.284415	0.002735	0.5
1008	-0.210976	274.427933	36.295313	0.003959	0.5
1009	-0.199099	275.427930	36.172871	0.002119	0.7
1010	-0.233559	276.423154	36.051831	0.005947	0.6
1011	-0.214874	277.051232	35.975860	0.003137	0.5
1012	-0.189479	278.051232	35.855560	0.003634	0.4
1013	-0.217538	279.051224	35.736063	0.005916	0.4
1014	-0.233538	278.969915	35.745749	0.004599	0.4
1015	-0.225174	278.176497	35.840547	0.004568	0.5
1016	-0.224229	279.176497	35.721149	0.004415	0.4
1017	-0.191839	280.176497	35.602544	0.003893	0.4
1018	-0.243647	281.176497	35.484723	0.004641	0.4
1019	-0.198403	282.176497	35.367680	0.006350	0.5
1020	-0.233351	283.176497	35.251407	0.004456	0.5
1021	-0.226476	284.176497	35.135895	0.002159	0.5
1022	-0.198845	283.475791	35.216755	0.005750	0.4
1023	-0.238212	284.475791	35.101470	0.002690	0.4
1024	-0.197288	283.682374	35.192877	0.008283	0.5
1025	-0.220093	283.668491	35.194481	0.004153	0.4
1026	-0.211787	282.875073	35.286374	0.003211	0.5
1027	-0.234298	282.081664	35.378746	0.005956	0.4
1028	-0.201234	281.304860	35.469656	0.002754	0.5
1029	-0.199534	282.304860	35.352712	0.004904	0.4
1030	-0.248884	281.511442	35.445434	0.005590	0.4
1031	-0.236300	282.511442	35.328650	0.006752	0.4
1032	-0.238491	281.718043	35.421243	0.006513	0.7
1033	-0.185379	282.334299	35.349281	0.006628	0.5
1034	-0.209861	283.334299	35.233128	0.006464	0.4
1035	-0.211148	282.540881	35.325223	0.005832	0.5
1036	-0.233941	283.540881	35.209228	0.004194	0.5
1037	-0.223917	284.540881	35.093992	0.003558	0.4
1038	-0.249437	284.437545	35.105865	0.005388	0.5
1039	-0.213497	285.436741	34.991396	0.003479	0.4
1040	-0.197060	286.436741	34.877579	0.004222	0.8
1041	-0.237073	287.436741	34.764501	0.006282	0.5
1042	-0.238982	286.643323	34.854159	0.005710	0.4
1043	-0.228341	287.643323	34.741232	0.006342	0.4
1044	-0.248244	288.643323	34.629035	0.003858	0.5
1045	-0.224399	289.643323	34.517559	0.004717	0.4
1046	-0.271098	288.849910	34.605946	0.006045	0.4
1047	-0.237820	288.117449	34.687946	0.005886	0.4
1048	-0.207423	289.117449	34.576092	0.004281	0.4
1049	-0.244930	290.117449	34.464957	0.006683	0.4
1050	-0.200184	289.329111	34.552509	0.005550	0.4
1051	-0.214964	288.535693	34.641076	0.004149	0.4
1052	-0.191617	289.535571	34.529537	0.001795	0.4
1053	-0.237242	288.987893	34.590542	0.005081	0.4
1054	-0.241622	288.195341	34.679207	0.003764	0.5
1055	-0.217574	289.192748	34.567698	0.005317	0.4
1056	-0.204976	288.399330	34.656343	0.007796	0.4
1057	-0.205235	289.399330	34.544692	0.002219	0.4
1058	-0.202948	290.399330	34.433759	0.004224	0.4
1059	-0.221558	291.399330	34.323535	0.005613	0.4
1060	-0.234796	290.605912	34.410930	0.004941	0.6
1061	-0.228652	289.812495	34.498772	0.003349	0.5
1062	-0.227382	289.019091	34.587061	0.002506	0.5
1063	-0.212670	288.225674	34.675806	0.007557	0.4
1064	-0.205836	289.225606	34.564037	0.005170	0.6
1065	-0.256312	288.432188	34.652663	0.003548	0.5
1066	-0.235183	287.638782	34.741743	0.003198	0.7
1067	-0.234764	288.638781	34.629543	0.004167	0.4
1068	-0.234540	287.845364	34.718505	0.006396	0.4
1069	-0.232266	288.845364	34.606454	0.005400	0.6
1070	-0.220906	288.051946	34.695298	0.003944	0.5
1071	-0.191897	287.258528	34.784599	0.003379	0.4
1072	-0.220977	286.465110	34.874361	0.005395	0.5
1073	-0.207275	287.465110	34.761304	0.003701	0.5
1074	-0.213847	286.718667	34.845625	0.004076	0.7
1075	-0.221813	285.990190	34.928313	0.004047	0.6
1076	-0.241034	285.196773	35.018819	0.004735	0.6
1077	-0.195992	284.403426	35.109787	0.005042	0.5
1078	-0.191620	285.403426	34.995201	0.003110	0.5
1079	-0.248256	284.724975	35.072860	0.003432	0.5
1080	-0.211403	285.724961	34.958516	0.004857	0.4
1081	-0.206559	286.723204	34.845111	0.006808	0.5
1082	-0.219254	287.723204	34.732243	0.002990	0.4
1083	-0.205916	287.226475	34.788217	0.007494	0.4
1084	-0.232491	286.442269	34.876952	0.005547	0.4
1085	-0.204071	287.442269	34.763878	0.005470	0.7
1086	-0.210777	286.648851	34.853533	0.003004	0.4
1087	-0.218984	285.873552	34.941588	0.005618	0.6
1088	-0.235353	286.873552	34.828095	0.003732	0.6
1089	-0.213033	286.080135	34.918082	0.005884	0.5
1090	-0.237302	285.286717	35.008535	0.004765	0.4
1091	-0.217569	286.286717	34.894607	0.006119	0.4
1092	-0.213605	285.493299	34.984939	0.005634	0.4
1093	-0.199792	284.699881	35.075739	0.004718	0.4
1094	-0.203705	285.699881	34.961374	0.005811	0.4
1095	-0.197692	284.906464	35.052052	0.002963	0.4
1096	-0.217501	284.113046	35.143202	0.004332	0.4
1097	-0.196801	283.319628	35.234827	0.003225	0.5
1098	-0.183142	284.319628	35.119424	0.006046	0.5
1099	-0.207034	285.319628	35.004774	0.007056	0.4
1100	-0.234095	284.589371	35.088424	0.008442	0.4
1101	-0.213945	285.589371	34.973976	0.005456	0.4
1102	-0.230776	286.589371	34.860273	0.004883	0.4
1103	-0.204986	285.796034	34.950417	0.005843	0.4
1104	-0.247512	285.002617	35.041038	0.003615	0.6
1105	-0.212571	284.209199	35.132130	0.002754	0.7
1106	-0.197427	283.425011	35.222629	0.003816	0.5
1107	-0.222156	282.631593	35.314669	0.004121	0.4
1108	-0.219167	283.631593	35.198744	0.003286	0.4
1109	-0.229931	284.391246	35.111188	0.004865	0.4
1110	-0.225038	283.597828	35.202645	0.002755	0.5
1111	-0.250244	282.804411	35.294581	0.006123	0.5
1112	-0.225395	283.804315	35.178798	0.002586	0.4
1113	-0.224936	283.010897	35.270609	0.004650	0.5
1114	-0.198074	284.010897	35.154971	0.004408	0.6
1115	-0.209965	285.010894	35.040090	0.006350	0.5
1116	-0.240204	286.010894	34.925957	0.007827	0.4
1117	-0.201097	287.010894	34.812565	0.003379	0.4
1118	-0.217069	286.217476	34.902472	0.006490	0.4
1119	-0.187039	287.217476	34.789232	0.003923	0.4
1120	-0.207743	288.217475	34.676725	0.002807	0.4
1121	-0.220525	289.217475	34.564943	0.006884	0.4
1122	-0.175367	288.424057	34.653574	0.003824	0.5
1123	-0.228462	289.424057	34.541941	0.004443	0.4
1124	-0.214395	288.630639	34.630453	0.002112	0.4
1125	-0.234192	287.837222	34.719420	0.006655	0.4
1126	-0.204620	288.836281	34.607469	0.005232	0.4
1127	-0.251234	288.042864	34.696318	0.007938	0.4
1128	-0.204839	289.042864	34.584409	0.005022	0.4
1129	-0.200671	288.249446	34.673140	0.004521	0.4
1130	-0.226754	289.249446	34.561381	0.005682	0.5
1131	-0.212539	288.456028	34.649993	0.005297	0.5
1132	-0.231977	289.456028	34.538383	0.004600	0.4
1133	-0.202583	288.662611	34.626878	0.007407	0.5
1134	-0.230961	289.662611	34.515416	0.004753	0.4
1135	-0.203020	290.662611	34.404670	0.006082	0.5
1136	-0.218566	289.869193	34.492480	0.006700	0.5
1137	-0.230477	290.869193	34.381881	0.003952	0.7
1138	-0.231605	291.869193	34.271988	0.006198	0.6
1139	-0.205443	292.869072	34.162810	0.003612	0.6
1140	-0.202595	292.075654	34.249387	0.003805	0.5
1141	-0.215329	291.282236	34.336405	0.003408	0.5
1142	-0.210107	290.494017	34.423292	0.004859	0.5
1143	-0.215212	289.700605	34.511196	0.006912	0.4
1144	-0.199854	290.700605	34.400477	0.005041	0.4
1145	-0.206698	291.700602	34.290466	0.004372	0.4
1146	-0.213891	290.907185	34.377693	0.007481	0.4
1147	-0.197540	291.907185	34.267827	0.003727	0.4
1148	-0.203777	291.113767	34.354939	0.002456	0.4
1149	-0.235314	292.113767	34.245218	0.006473	0.4
1150	-0.239319	291.785203	34.281191	0.004598	0.4
1151	-0.207119	292.785203	34.171941	0.003468	0.4
1152	-0.227981	293.203273	34.126473	0.005330	0.4
1153	-0.226201	292.409902	34.212861	0.006077	0.4
1154	-0.211606	293.327248	34.113013	0.002758	0.4
1155	-0.246831	294.327248	34.004830	0.006387	0.4
1156	-0.235537	293.533838	34.090607	0.007790	0.5
1157	-0.198702	294.533838	33.982566	0.006396	0.4
1158	-0.238201	295.533838	33.875207	0.007788	0.4
1159	-0.199592	296.533838	33.768525	0.005047	0.4
1160	-0.233508	297.533838	33.662513	0.005038	0.5
1161	-0.211036	296.740420	33.746570	0.005117	0.4
1162	-0.193697	297.740420	33.640695	0.003285	0.4
1163	-0.219882	298.740420	33.535483	0.003182	0.4
1164	-0.251752	299.587855	33.446836	0.006895	0.4
1165	-0.204175	298.794438	33.529818	0.003118	0.5
1166	-0.202116	298.001020	33.613213	0.004549	0.6
1167	-0.209175	299.001020	33.508172	0.003805	0.4
1168	-0.202887	300.001020	33.403786	0.004338	0.4
1169	-0.207005	301.001020	33.300048	0.002712	0.5
1170	-0.256994	302.001020	33.196952	0.007715	0.4
1171	-0.216230	303.001020	33.094493	0.005477	0.8
1172	-0.233543	304.001020	32.992664	0.004939	0.5
1173	-0.212880	305.001020	32.891460	0.004836	0.5
1174	-0.234804	306.001020	32.790874	0.005500	0.4
1175	-0.194617	307.001014	32.690903	0.003653	0.4
1176	-0.202163	306.207596	32.770172	0.003270	0.4
1177	-0.198615	305.414187	32.849826	0.006650	0.4
1178	-0.230180	306.414186	32.749495	0.003311	0.4
1179	-0.243493	305.621035	32.829023	0.005582	0.4
1180	-0.245421	304.827617	32.908964	0.005907	0.4
1181	-0.232523	304.034200	32.989296	0.008812	0.4
1182	-0.212033	305.034200	32.888112	0.006986	0.4
1183	-0.203871	304.240782	32.968342	0.004589	0.4
1184	-0.215897	305.240782	32.867287	0.011561	0.4
1185	-0.211038	304.447364	32.947415	0.005310	0.5
1186	-0.237766	304.558776	32.936140	0.002691	0.4
1187	-0.190663	303.765358	33.016604	0.004674	0.4
1188	-0.206635	304.277875	32.964583	0.003338	0.4
1189	-0.233744	305.277875	32.863550	0.009589	0.5
1190	-0.201505	306.277875	32.763135	0.004033	0.5
1191	-0.249655	305.484457	32.842756	0.003761	0.5
1192	-0.207881	306.484457	32.742468	0.004593	0.5
1193	-0.217819	307.484457	32.642791	0.007221	0.8
1194	-0.206018	308.484457	32.543718	0.003056	0.6
1195	-0.242542	307.691040	32.622275	0.003941	0.5
1196	-0.221020	306.897622	32.701211	0.007941	0.7
1197	-0.220989	306.104204	32.780531	0.007952	0.5
1198	-0.225765	307.104204	32.680622	0.002936	0.5
1199	-0.193741	308.103533	32.581386	0.003114	0.5
1200	-0.202543	307.310184	32.660118	0.004933	0.5
1201	-0.253674	308.310184	32.560941	0.003875	0.5
1202	-0.213216	309.310184	32.462364	0.005814	0.5
1203	-0.218269	310.310176	32.364383	0.004213	0.7
1204	-0.209579	311.309955	32.267012	0.004031	0.5
1205	-0.206896	310.516537	32.344237	0.003747	0.5
1206	-0.226515	309.723119	32.421832	0.001932	0.5
1207	-0.204542	308.929702	32.499800	0.005975	0.5
1208	-0.199924	309.929701	32.401593	0.003802	0.5
1209	-0.206433	309.136283	32.479463	0.002724	0.5
1210	-0.224163	310.136134	32.381393	0.010543	0.4
1211	-0.219339	309.342716	32.459167	0.005281	0.5
1212	-0.243819	310.342716	32.361204	0.005469	0.5
1213	-0.211238	309.549298	32.438881	0.004658	0.4
1214	-0.215422	310.549298	32.341041	0.004456	0.4
1215	-0.238253	311.549298	32.243789	0.003734	0.4
1216	-0.183235	312.549298	32.147120	0.005077	0.5
1217	-0.214864	313.549298	32.051029	0.006229	0.5
1218	-0.251773	312.755881	32.127222	0.006614	0.5
1219	-0.215773	313.755881	32.031250	0.007490	0.7
1220	-0.212184	314.755876	31.935850	0.004067	0.6
1221	-0.211636	313.962458	32.011496	0.003398	0.6
1222	-0.242866	314.962458	31.916213	0.004415	0.5
1223	-0.187213	314.169040	31.991766	0.004491	0.4
1224	-0.209771	315.169040	31.896600	0.004077	0.5
1225	-0.185336	314.375623	31.972059	0.006558	0.4
1226	-0.216638	313.582205	32.047877	0.005023	0.4
1227	-0.210352	314.582205	31.952378	0.008217	0.4
1228	-0.213155	313.788788	32.028102	0.004377	0.5
1229	-0.242668	314.788788	31.932720	0.004215	0.5
1230	-0.242232	313.995370	32.008351	0.009040	0.5
1231	-0.207109	313.201952	32.084341	0.001898	0.4
1232	-0.255861	314.201952	31.988624	0.008768	0.5
1233	-0.217113	315.201952	31.893477	0.002344	0.9
1234	-0.228276	314.430595	31.966820	0.003163	0.6
1235	-0.228317	313.886695	32.018738	0.005041	0.5
1236	-0.240587	314.886695	31.923412	0.005552	0.4
1237	-0.255016	315.886695	31.828652	0.005058	0.5
1238	-0.232488	316.886695	31.734453	0.004922	0.5
1239	-0.219707	316.093278	31.809146	0.003599	0.4
1240	-0.234351	317.093278	31.715062	0.002428	0.5
1241	-0.222268	316.299860	31.789664	0.004041	0.5
1242	-0.214108	315.506442	31.864618	0.003323	0.4
1243	-0.232731	316.506442	31.770206	0.004583	0.6
1244	-0.217786	316.898826	31.733313	0.007498	0.5
1245	-0.228937	316.105408	31.808002	0.002583	0.5
1246	-0.189106	315.332091	31.881137	0.004060	0.4
1247	-0.221099	314.551180	31.955332	0.005952	0.4
1248	-0.199735	315.551180	31.860383	0.002634	0.6
1249	-0.177725	314.759285	31.935526	0.003218	0.4
1250	-0.219265	315.759285	31.840694	0.003059	0.5
1251	-0.210308	314.965867	31.915889	0.003409	0.4
1252	-0.228917	314.618653	31.948908	0.002694	0.5
1253	-0.186965	313.825336	32.024606	0.002713	0.5
1254	-0.225990	314.814160	31.930307	0.003819	0.4
1255	-0.202246	315.814160	31.835506	0.004101	0.5
1256	-0.234643	315.020742	31.910677	0.003534	0.4
1257	-0.230874	316.020742	31.815992	0.006548	0.5
1258	-0.224060	317.020742	31.721868	0.004023	0.4
1259	-0.235884	318.020742	31.628299	0.007235	0.4
1260	-0.230332	317.227324	31.702493	0.007579	0.4
1261	-0.221121	316.433907	31.777036	0.005631	0.5
1262	-0.224470	317.433907	31.683142	0.004049	0.5
1263	-0.258392	316.640489	31.757593	0.004566	0.4
1264	-0.193967	315.847780	31.832329	0.005360	0.4
1265	-0.208611	316.847780	31.738108	0.005673	0.8
1266	-0.195379	317.847780	31.644443	0.002652	0.6
1267	-0.203387	318.847780	31.551330	0.005109	0.5
1268	-0.219864	318.063487	31.624312	0.004143	0.7
1269	-0.246175	319.063484	31.531317	0.007028	0.5
1270	-0.235991	320.063484	31.438867	0.010358	0.5
1271	-0.207533	321.063484	31.346957	0.003742	0.4
1272	-0.222697	321.998300	31.261523	0.007009	0.4
1273	-0.229232	322.998300	31.170646	0.004865	0.5
1274	-0.204593	323.998300	31.080296	0.002424	0.4
1275	-0.218110	323.204949	31.151933	0.005236	0.4
1276	-0.209799	322.422335	31.222924	0.004782	0.4
1277	-0.222766	323.422335	31.132271	0.001394	0.5
1278	-0.220282	324.406449	31.043570	0.003478	0.6
1279	-0.215925	323.941095	31.085451	0.003615	0.5
1280	-0.208779	323.147684	31.157116	0.006246	0.5
1281	-0.220695	322.354266	31.229113	0.005176	0.5
1282	-0.226376	321.560849	31.301444	0.004993	0.4
1283	-0.180088	322.560847	31.210336	0.003476	0.4
1284	-0.248335	323.560847	31.119756	0.005769	0.4
1285	-0.237393	324.560847	31.029700	0.004119	0.4
1286	-0.228677	323.767429	31.101109	0.005658	0.4
1287	-0.225673	324.767429	31.011161	0.003271	0.4
1288	-0.214689	325.767429	30.921732	0.004466	0.4
1289	-0.213173	326.767429	30.832817	0.004674	0.4
1290	-0.230677	325.974011	30.903321	0.005527	0.4
1291	-0.222808	326.974011	30.814512	0.007298	0.4
1292	-0.220449	326.180594	30.884933	0.002828	0.4
1293	-0.207937	325.387176	30.955676	0.004548	0.4
1294	-0.219811	324.593758	31.026745	0.006045	0.4
1295	-0.174969	323.800344	31.098140	0.007394	0.4
1296	-0.226194	324.800344	31.008209	0.006857	0.4
1297	-0.226637	324.006926	31.079519	0.004423	0.4
1298	-0.240559	323.213511	31.151158	0.005012	0.4
1299	-0.244589	324.213511	31.060920	0.004951	0.7
1300	-0.199948	325.213511	30.971204	0.003406	0.6
1301	-0.171712	326.213430	30.882012	0.005168	0.5
1302	-0.281551	327.213430	30.793325	0.008097	0.4
1303	-0.220748	327.704793	30.749934	0.002835	0.5
1304	-0.213360	328.704793	30.662003	0.005111	0.5
1305	-0.198401	329.704793	30.574573	0.004011	0.5
1306	-0.196254	330.704793	30.487641	0.004778	0.5
1307	-0.193351	329.911376	30.556574	0.005161	0.5
1308	-0.205912	329.117958	30.625819	0.003729	0.4
1309	-0.218969	330.115792	30.538784	0.005560	0.6
1310	-0.189557	331.115792	30.452055	0.005408	0.5
1311	-0.214348	330.322374	30.520827	0.001829	0.4
1312	-0.257319	330.746367	30.484037	0.003738	0.4
1313	-0.210113	330.848471	30.475191	0.006258	0.5
1314	-0.221338	330.055053	30.544068	0.007271	0.4
1315	-0.240171	331.055053	30.457308	0.005843	0.4
1316	-0.208665	330.261636	30.526104	0.004776	0.4
1317	-0.216612	329.468218	30.595212	0.003936	0.4
1318	-0.238873	330.457231	30.509116	0.005930	0.4
1319	-0.240965	331.457231	30.422555	0.004837	0.4
1320	-0.221154	330.666634	30.490949	0.004602	0.5
1321	-0.210797	331.666634	30.404491	0.006491	0.5
1322	-0.232069	332.666634	30.318521	0.003527	0.4
1323	-0.188000	333.666634	30.233037	0.003592	0.4
1324	-0.207007	334.666634	30.148033	0.003060	0.5
1325	-0.225313	333.873217	30.215437	0.006990	0.5
1326	-0.197780	334.555709	30.157438	0.005206	0.4
1327	-0.225646	335.555709	30.072858	0.004641	0.4
1328	-0.205079	336.555708	29.988752	0.005998	0.4
1329	-0.226204	335.762291	30.055445	0.005343	0.5
1330	-0.205242	334.968873	30.122435	0.002673	0.4
1331	-0.221134	335.967988	30.038126	0.004595	0.4
1332	-0.206939	335.174570	30.105039	0.005311	0.6
1333	-0.226293	334.381152	30.172251	0.005541	0.6
1334	-0.208947	333.587734	30.239764	0.002382	0.5
1335	-0.229411	334.587734	30.154722	0.002723	0.5
1336	-0.194745	333.914943	30.211885	0.002822	0.5
1337	-0.228178	334.914941	30.127000	0.004803	0.5
1338	-0.221142	335.722773	30.058774	0.004475	0.4
1339	-0.199562	336.581499	29.986589	0.003898	0.4
1340	-0.223141	335.788081	30.053272	0.005262	0.5
1341	-0.206294	336.788081	29.969275	0.005919	0.5
1342	-0.207902	335.994663	30.035881	0.003803	0.4
1343	-0.206656	336.994663	29.951981	0.004912	0.4
1344	-0.215727	337.994644	29.868550	0.007188	0.4
1345	-0.203257	337.201226	29.934709	0.006229	0.5
1346	-0.208368	338.201226	29.851372	0.008092	0.4
1347	-0.231653	337.407811	29.917454	0.007129	0.4
1348	-0.250119	336.614393	29.983831	0.004426	0.5
1349	-0.200493	335.820975	30.050502	0.005048	0.5
1350	-0.202748	335.027557	30.117470	0.004906	0.5
1351	-0.234264	336.027557	30.033114	0.002802	0.5
1352	-0.246154	337.027221	29.949257	0.006953	0.8
1353	-0.219704	336.451805	29.997469	0.002726	0.4
1354	-0.231018	337.444280	29.914411	0.002170	0.5
1355	-0.215217	336.695976	29.976992	0.002890	0.4
1356	-0.244885	335.938667	30.040593	0.011215	0.5
1357	-0.212054	336.938667	29.956667	0.004548	0.5
1358	-0.187473	336.145249	30.023217	0.002312	0.4
1359	-0.246897	337.145249	29.939387	0.002550	0.4
1360	-0.217851	336.351880	30.005857	0.006526	0.4
1361	-0.201111	337.351880	29.922124	0.003214	0.5
1362	-0.218396	338.351880	29.838857	0.004115	0.4
1363	-0.220799	339.351848	29.756055	0.005188	0.4
1364	-0.201910	338.558430	29.821716	0.003605	0.4
1365	-0.214772	339.558430	29.739006	0.004204	0.6
1366	-0.219745	340.558430	29.656754	0.005518	0.5
1367	-0.243507	339.765012	29.721977	0.005988	0.4
1368	-0.201166	340.221805	29.684391	0.004969	0.4
1369	-0.227289	339.428388	29.749736	0.006220	0.4
1370	-0.224866	340.329482	29.675545	0.002227	0.6
1371	-0.219844	341.328991	29.593683	0.004182	0.4
1372	-0.191076	340.535578	29.658628	0.003451	0.4
1373	-0.202102	341.535181	29.576852	0.004314	0.5
1374	-0.216427	340.742031	29.641702	0.005408	0.5
1375	-0.273524	339.948614	29.706858	0.008667	0.4
1376	-0.216793	340.948614	29.624784	0.004323	0.4
1377	-0.230713	341.948614	29.543161	0.004838	0.5
1378	-0.222919	341.155196	29.607885	0.002892	0.5
1379	-0.224713	340.361778	29.672893	0.004292	0.4
1380	-0.219482	341.361778	29.591005	0.006083	0.4
1381	-0.218522	341.924292	29.545141	0.003604	0.4
1382	-0.217265	341.130875	29.609873	0.008575	0.4
1383	-0.204010	342.130875	29.528333	0.003242	0.5
1384	-0.202537	341.337457	29.592992	0.004009	0.4
1385	-0.205258	342.337457	29.511544	0.004078	0.4
1386	-0.210251	341.544041	29.576129	0.005821	0.4
1387	-0.233988	340.750646	29.640996	0.003206	0.5
1388	-0.229927	341.750646	29.559284	0.004288	0.5
1389	-0.268920	342.713046	29.481069	0.005701	0.4
1390	-0.210743	343.713046	29.400235	0.007002	0.4
1391	-0.243688	342.919628	29.464334	0.007528	0.5
1392	-0.224552	343.919628	29.383592	0.004235	0.5
1393	-0.229993	344.919628	29.303291	0.004594	0.4
1394	-0.229297	344.126214	29.366967	0.003829	0.4
1395	-0.228353	345.097387	29.289063	0.004485	0.4
1396	-0.216524	344.307892	29.352362	0.004170	0.5
1397	-0.216746	345.307892	29.272231	0.004135	0.4
1398	-0.214830	344.514474	29.335772	0.005657	0.5
1399	-0.250746	345.514474	29.255732	0.006517	0.7
1400	-0.223471	346.514474	29.176128	0.005551	0.6
1401	-0.232106	347.514474	29.096956	0.009334	0.5
1402	-0.223166	348.514474	29.018212	0.003118	0.5
1403	-0.225107	349.514474	28.939893	0.003484	0.5
1404	-0.209110	348.721057	29.001998	0.004849	0.5
1405	-0.221247	349.720764	28.923790	0.003310	0.4
1406	-0.219357	350.720755	28.845980	0.008475	0.5
1407	-0.225220	349.927337	28.907682	0.003186	0.5
1408	-0.240765	350.690380	28.848337	0.005584	0.6
1409	-0.223808	351.688012	28.771114	0.002828	0.4
1410	-0.199206	350.894594	28.832496	0.002571	0.4
1411	-0.211666	351.360227	28.796441	0.004378	0.4
1412	-0.202592	352.360221	28.719314	0.005997	0.5
1413	-0.223824	353.360221	28.642598	0.002158	0.5
1414	-0.219697	352.566803	28.703432	0.005722	0.4
1415	-0.220110	351.842538	28.759190	0.004663	0.4
1416	-0.204718	352.842538	28.682261	0.004747	0.4
1417	-0.212967	353.424578	28.637675	0.004809	0.5
1418	-0.223019	354.424578	28.561394	0.003158	0.4
1419	-0.208549	353.631161	28.621883	0.003582	0.4
1420	-0.219861	352.837750	28.682629	0.003756	0.4
1421	-0.213159	353.837750	28.606109	0.002753	0.5
1422	-0.236003	354.837749	28.529996	0.007676	0.4
1423	-0.227645	354.752292	28.536484	0.006023	0.5
1424	-0.187352	355.752292	28.460741	0.003649	0.7
1425	-0.208873	354.958874	28.520804	0.003779	0.4
1426	-0.218061	355.888759	28.450436	0.005281	0.4
1427	-0.218954	356.888759	28.375148	0.004337	0.5
1428	-0.217342	357.888759	28.300257	0.004116	0.5
1429	-0.209950	358.888759	28.225761	0.003487	0.4
1430	-0.214923	358.095342	28.284835	0.007715	0.5
1431	-0.191379	359.095341	28.210420	0.003141	0.8
1432	-0.229477	358.806255	28.231892	0.006950	0.7
1433	-0.231506	358.012838	28.290993	0.006686	0.5
1434	-0.232566	359.012838	28.216545	0.007996	0.5
1435	-0.213254	360.012838	28.142488	0.004688	0.5
1436	-0.228338	361.012838	28.068819	0.005086	0.5
1437	-0.245580	360.219420	28.127238	0.003777	0.5
1438	-0.223519	359.426002	28.185900	0.007158	0.4
1439	-0.215334	358.753916	28.235784	0.003724	0.5
1440	-0.152584	357.960498	28.294900	0.005199	0.5
1441	-0.215691	357.768962	28.309208	0.005623	0.5
1442	-0.220102	358.768962	28.234665	0.004827	0.5
1443	-0.199367	357.975544	28.293777	0.005092	0.4
1444	-0.201083	357.186565	28.352803	0.006514	0.4
1445	-0.206577	356.393328	28.412398	0.004111	0.5
1446	-0.238897	357.393328	28.337311	0.005787	0.5
1447	-0.226792	356.599910	28.396854	0.004242	0.5
1448	-0.258361	357.599910	28.321849	0.003937	0.5
1449	-0.217358	358.599910	28.247239	0.006234	0.5
1450	-0.231386	359.599910	28.173021	0.005739	0.5
1451	-0.230090	360.599910	28.099193	0.003466	0.5
1452	-0.205273	361.599778	28.025759	0.004603	0.5
1453	-0.233425	362.599719	27.952704	0.005553	0.5
1454	-0.204790	361.806302	28.010640	0.005102	0.5
1455	-0.233097	361.012885	28.068816	0.003953	0.7
1456	-0.212013	362.012885	27.995532	0.003979	0.4
1457	-0.249527	363.012885	27.922629	0.006305	0.6
1458	-0.231142	364.012885	27.850105	0.003428	0.5
1459	-0.190969	365.012885	27.777957	0.004959	0.5
1460	-0.198162	364.219467	27.835170	0.003652	0.5
1461	-0.208450	363.426146	27.892612	0.005410	0.5
1462	-0.195294	364.426146	27.820244	0.004992	0.7
1463	-0.195940	363.633113	27.877603	0.004846	0.5
1464	-0.227157	364.633113	27.805313	0.004281	0.5
1465	-0.214619	365.633113	27.733396	0.007040	0.5
1466	-0.223659	364.839696	27.790426	0.002920	0.5
1467	-0.199383	364.046278	27.847690	0.006994	0.5
1468	-0.218563	363.253068	27.905176	0.002404	0.5
1469	-0.243329	364.253068	27.832742	0.005429	0.4
1470	-0.223385	363.460204	27.890141	0.003889	0.4
1471	-0.228090	362.666786	27.947818	0.004009	0.5
1472	-0.200075	363.666786	27.875163	0.004706	0.5
1473	-0.212513	364.666786	27.802885	0.005647	0.5
1474	-0.210218	363.873368	27.860201	0.004292	0.5
1475	-0.215580	364.873368	27.788001	0.006576	0.5
1476	-0.231534	365.873277	27.716180	0.004473	0.4
1477	-0.237323	365.079859	27.773138	0.005518	0.4
1478	-0.212395	364.286442	27.830331	0.006688	0.4
1479	-0.231948	365.286442	27.758286	0.004328	0.5
1480	-0.216998	364.493024	27.815417	0.003467	0.8
1481	-0.182288	363.744833	27.869508	0.003825	0.5
1482	-0.214110	362.951415	27.927099	0.005998	0.7
1483	-0.241949	363.951415	27.854552	0.005233	0.5
1484	-0.227971	363.157997	27.912082	0.004849	0.4
1485	-0.225192	362.364580	27.969849	0.006528	0.4
1486	-0.205957	361.571162	28.027856	0.005542	0.4
1487	-0.208116	362.570795	27.954812	0.004322	0.5
1488	-0.218006	363.570795	27.882121	0.003910	0.4
1489	-0.209025	362.777407	27.939762	0.004212	0.5
1490	-0.226356	363.739279	27.869911	0.002614	0.5
1491	-0.225897	362.946208	27.927478	0.005814	0.4
1492	-0.220950	362.246002	27.978503	0.004121	1.2
1493	-0.232971	363.246002	27.905689	0.004665	0.5
1494	-0.205511	362.452584	27.963430	0.004970	0.5
1495	-0.192269	363.452584	27.890694	0.006077	0.5
1496	-0.227654	362.659167	27.948373	0.005238	0.5
1497	-0.211605	363.659146	27.875717	0.003552	0.5
1498	-0.227094	364.659146	27.803436	0.004680	0.5
1499	-0.212700	365.641068	27.732826	0.004013	0.5
1500	-0.226540	364.847650	27.789853	0.004124	0.5
1501	-0.220356	364.713393	27.799526	0.003555	0.4
1502	-0.201786	365.389373	27.750891	0.004624	0.4
1503	-0.220569	366.389373	27.679255	0.003299	0.5
1504	-0.242695	365.595955	27.736062	0.003065	0.7
1505	-0.196057	366.595955	27.664503	0.002971	0.5
1506	-0.232722	367.595955	27.593312	0.004438	0.4
1507	-0.215493	368.595954	27.522486	0.005311	0.4
1508	-0.199494	369.595954	27.452024	0.005295	0.4
1509	-0.222096	368.802537	27.507900	0.004797	0.5
1510	-0.248527	369.344319	27.469721	0.005530	0.4
1511	-0.244324	370.344319	27.399527	0.005444	0.4
1512	-0.211853	371.344319	27.329692	0.003494	0.4
1513	-0.215152	372.208115	27.269654	0.004756	0.4
1514	-0.244335	373.207903	27.200493	0.009815	0.4
1515	-0.211657	374.207903	27.131667	0.006007	0.4
1516	-0.211790	373.414485	27.186246	0.004460	0.4
1517	-0.224998	374.414485	27.117493	0.004873	0.8
1518	-0.238811	375.414485	27.049086	0.004449	0.5
1519	-0.229802	374.621068	27.103333	0.004169	0.4
1520	-0.218871	375.621068	27.034997	0.003712	0.4
1521	-0.212174	376.621068	26.967005	0.002924	0.5
1522	-0.233497	375.830996	27.020695	0.006372	0.5
1523	-0.235604	376.559438	26.971185	0.006660	0.4
1524	-0.232087	375.766021	27.025120	0.004113	0.5
1525	-0.204786	374.972603	27.079271	0.004645	0.6
1526	-0.208206	375.948696	27.012683	0.006026	0.5
1527	-0.237945	375.155279	27.066784	0.004762	0.4
1528	-0.243848	374.361861	27.121102	0.004271	0.4
1529	-0.216681	375.361859	27.052677	0.005173	0.4
1530	-0.226092	376.361859	26.984596	0.004540	0.5
1531	-0.225846	377.361835	26.916859	0.005007	0.4
1532	-0.202871	378.361835	26.849459	0.006054	0.4
1533	-0.199446	377.740578	26.891292	0.005690	0.6
1534	-0.227974	378.740578	26.824020	0.005278	0.5
1535	-0.198050	377.947160	26.877367	0.004205	0.4
1536	-0.204766	378.947160	26.810165	0.002213	0.5
1537	-0.210684	379.842465	26.750283	0.003260	0.4
1538	-0.219031	379.049107	26.803333	0.007255	0.5
1539	-0.245750	378.255689	26.856598	0.003407	0.5
1540	-0.261635	379.255689	26.789499	0.004241	0.4
1541	-0.247321	380.255652	26.722737	0.004063	0.4
1542	-0.201001	381.255652	26.656305	0.003750	0.4
1543	-0.183072	380.625379	26.698137	0.003398	0.4
1544	-0.207855	379.831962	26.750984	0.005538	0.4
1545	-0.244289	380.831962	26.684411	0.003907	0.4
1546	-0.200613	380.038544	26.737204	0.004419	0.4
1547	-0.245691	379.245127	26.790206	0.005859	0.4
1548	-0.215709	380.239945	26.723783	0.003144	0.5
1549	-0.205472	381.239945	26.657346	0.003373	0.5
1550	-0.241850	382.239492	26.591268	0.004685	0.7
1551	-0.220602	381.446479	26.643665	0.005326	0.5
1552	-0.226499	380.653062	26.696297	0.003909	0.4
1553	-0.201904	381.611134	26.632769	0.002290	0.4
1554	-0.231150	382.610121	26.566850	0.006546	0.4
1555	-0.235135	381.816703	26.619178	0.004296	0.4
1556	-0.251512	382.816703	26.553259	0.003178	0.7
1557	-0.217878	382.023286	26.605533	0.005311	0.7
1558	-0.216466	381.229895	26.658012	0.003209	0.6
1559	-0.216018	380.436479	26.710700	0.007833	0.5
1560	-0.187604	381.436479	26.644328	0.004015	0.4
1561	-0.214122	382.436479	26.578284	0.005172	0.4
1562	-0.234392	381.643062	26.630657	0.003686	0.4
1563	-0.241479	382.643062	26.564681	0.002293	0.4
1564	-0.196362	383.628558	26.499982	0.004954	0.4
1565	-0.224596	382.842211	26.551581	0.003835	0.5
1566	-0.212424	383.842211	26.485996	0.005652	0.5
1567	-0.199816	384.842211	26.420735	0.004475	0.5
1568	-0.229983	384.048793	26.472488	0.007145	0.5
1569	-0.208005	383.255375	26.524445	0.005099	0.5
1570	-0.200656	384.255375	26.458994	0.003913	0.4
1571	-0.222861	385.160864	26.400006	0.006976	0.4
1572	-0.244617	384.367464	26.451677	0.005885	0.5
1573	-0.200031	383.574055	26.503552	0.002259	0.5
1574	-0.225327	384.574055	26.438203	0.007320	0.5
1575	-0.195905	385.574055	26.373177	0.006696	0.5
1576	-0.225423	386.574055	26.308469	0.004607	0.5
1577	-0.204817	385.780637	26.359783	0.003701	0.5
1578	-0.247787	384.991961	26.410989	0.003878	0.6
1579	-0.210970	384.198546	26.462704	0.003050	0.5
1580	-0.210768	385.153737	26.400470	0.004494	0.5
1581	-0.226388	384.372079	26.451376	0.003560	0.5
1582	-0.212779	385.372079	26.386285	0.002433	0.5
1583	-0.241004	386.371807	26.321530	0.006618	0.5
1584	-0.223521	385.578426	26.372893	0.004317	0.5
1585	-0.250442	386.577834	26.308225	0.003739	0.5
1586	-0.217433	385.784416	26.359538	0.005582	0.5
1587	-0.210666	384.990998	26.411052	0.005529	0.5
1588	-0.235570	384.199148	26.462665	0.004507	0.4
1589	-0.230778	383.405731	26.514583	0.004135	0.7
1590	-0.227035	382.612313	26.566705	0.005807	0.5
1591	-0.213921	383.612313	26.501046	0.002640	0.5
1592	-0.227578	382.820842	26.552986	0.004379	0.5
1593	-0.219045	382.027427	26.605260	0.004488	0.5
1594	-0.216811	381.234029	26.657738	0.010831	0.5
1595	-0.208867	382.234029	26.591628	0.004636	0.5
1596	-0.188353	381.440612	26.644054	0.003153	0.4
1597	-0.193915	382.312944	26.586425	0.004945	0.4
1598	-0.211052	383.312944	26.520668	0.007672	0.5
1599	-0.198716	382.519526	26.572814	0.006597	0.5
1600	-0.214953	383.519526	26.507124	0.004711	0.5
1601	-0.224000	384.519526	26.441758	0.002574	0.4
1602	-0.207288	385.519526	26.376714	0.002747	0.5
1603	-0.233281	384.726111	26.428295	0.005426	0.5
1604	-0.234647	383.932693	26.480078	0.005763	0.4
1605	-0.209057	384.932693	26.414845	0.005862	0.4
1606	-0.244572	385.932693	26.349933	0.003950	0.5
1607	-0.237675	386.932693	26.285340	0.004764	0.4
1608	-0.212837	387.932690	26.221062	0.008097	0.5
1609	-0.207041	387.139272	26.272035	0.004969	0.7
1610	-0.216211	388.139272	26.207822	0.004010	0.5
1611	-0.214907	387.345867	26.258743	0.003762	0.5
1612	-0.194076	388.336680	26.195183	0.003410	0.4
1613	-0.225277	387.543263	26.246056	0.003945	0.5
1614	-0.201075	386.749859	26.297126	0.004322	0.5
1615	-0.223660	385.956441	26.348396	0.004672	0.5
1616	-0.222538	386.956441	26.283809	0.003651	0.5
1617	-0.199147	386.163023	26.335027	0.002495	0.5
1618	-0.223638	385.404099	26.384206	0.005397	0.5
1619	-0.191514	384.610682	26.435816	0.005876	0.9
1620	-0.245098	383.817264	26.487629	0.008446	0.6
1621	-0.230402	384.817264	26.422359	0.003059	0.5
1622	-0.233141	385.817264	26.357410	0.006494	0.4
1623	-0.233588	385.024901	26.408847	0.004854	0.5
1624	-0.237119	386.024901	26.343964	0.005606	0.4
1625	-0.225247	387.024901	26.279399	0.006030	0.5
1626	-0.217226	388.024901	26.215151	0.005269	0.4
1627	-0.232042	387.231484	26.266101	0.003413	0.4
1628	-0.237588	387.437676	26.252841	0.005482	0.4
1629	-0.236474	388.437676	26.188722	0.004749	0.5
1630	-0.208678	389.437676	26.124915	0.007550	0.5
1631	-0.221591	388.644258	26.175515	0.004433	0.5
1632	-0.236947	389.644258	26.111772	0.004601	0.5
1633	-0.233221	388.850840	26.162321	0.005767	0.5
1634	-0.228429	388.057423	26.213066	0.004528	0.7
1635	-0.202097	387.264005	26.264009	0.003835	0.5
1636	-0.205052	386.470755	26.315138	0.003871	0.6
1637	-0.219273	385.677338	26.366479	0.003553	0.7
1638	-0.257999	386.677338	26.301804	0.003768	0.5
1639	-0.207111	387.676880	26.237475	0.009025	0.4
1640	-0.237543	388.676880	26.173431	0.004262	0.5
1641	-0.234679	389.676880	26.109698	0.004589	0.5
1642	-0.246543	390.676880	26.046275	0.004974	0.4
1643	-0.199469	390.058695	26.085446	0.004060	0.8
1644	-0.217337	391.058695	26.022141	0.005184	0.5
1645	-0.198083	392.058695	25.959142	0.004723	0.5
1646	-0.222108	391.265277	26.009101	0.005581	0.5
1647	-0.228543	392.139821	25.954045	0.004652	0.4
1648	-0.211445	391.346403	26.003984	0.004541	0.5
1649	-0.195698	390.559239	26.053720	0.002539	0.4
1650	-0.235584	391.517958	25.993170	0.005974	0.8
1651	-0.210905	392.517944	25.930312	0.003823	0.6
1652	-0.194073	393.517944	25.867757	0.003866	0.5
1653	-0.206233	392.724528	25.917364	0.002247	0.5
1654	-0.225167	391.931110	25.967163	0.003246	0.5
1655	-0.230726	391.138620	26.017094	0.002297	0.4
1656	-0.206855	390.363573	26.066113	0.007655	0.5
1657	-0.229518	389.570156	26.116485	0.004272	0.4
1658	-0.221824	390.570156	26.053029	0.003296	0.7
1659	-0.215339	390.950269	26.028990	0.007998	0.5
1660	-0.211506	390.156851	26.079219	0.001808	0.5
1661	-0.209206	391.156828	26.015945	0.004495	0.5
1662	-0.232048	390.365118	26.066015	0.003497	0.5
1663	-0.221135	389.571701	26.116387	0.004778	0.4
1664	-0.250746	388.780574	26.166807	0.006511	0.5
1665	-0.222843	389.780574	26.103107	0.003935	0.4
1666	-0.223728	388.987156	26.153623	0.007174	0.4
1667	-0.201306	389.987156	26.089987	0.005244	0.4
1668	-0.234045	390.987156	26.026659	0.005130	0.4
1669	-0.199869	390.340122	26.067599	0.002333	0.4
1670	-0.228026	389.546704	26.117977	0.006390	0.4
1671	-0.201967	390.546704	26.054514	0.003048	0.5
1672	-0.238846	389.753286	26.104841	0.005113	0.5
1673	-0.243072	388.959869	26.155363	0.002494	0.5
1674	-0.193520	389.959843	26.091720	0.006595	0.6
1675	-0.211534	389.166425	26.142192	0.006173	0.5
1676	-0.228015	388.373008	26.192859	0.004738	0.4
1677	-0.269032	387.579590	26.243722	0.005342	0.4
1678	-0.206359	388.579590	26.179648	0.003337	0.4
1679	-0.195291	387.786172	26.230460	0.002999	0.5
1680	-0.217802	386.992756	26.281470	0.005284	0.5
1681	-0.218230	386.199338	26.332679	0.008102	0.5
1682	-0.197666	385.729194	26.363117	0.006665	0.6
1683	-0.249515	384.935776	26.414645	0.006594	0.6
1684	-0.199800	385.935776	26.349734	0.004199	0.5
1685	-0.207280	386.935776	26.285141	0.004555	0.4
1686	-0.201653	386.142359	26.336364	0.007368	0.5
1687	-0.247937	385.348941	26.387787	0.006261	0.4
1688	-0.205297	386.348941	26.323008	0.002779	0.4
1689	-0.256063	387.326866	26.259965	0.002984	0.4
1690	-0.230290	388.153401	26.206917	0.005288	0.5
1691	-0.208879	389.153401	26.143022	0.005555	0.4
1692	-0.218898	390.153401	26.079437	0.005458	0.5
1693	-0.196814	391.153401	26.016161	0.005965	0.4
1694	-0.230222	390.359984	26.066340	0.005261	0.4
1695	-0.238974	391.358643	26.003212	0.005426	0.4
1696	-0.194112	392.358642	25.940305	0.003253	0.5
1697	-0.212466	393.358267	25.877725	0.005098	0.4
1698	-0.232880	394.358267	25.815423	0.005811	0.4
1699	-0.231344	393.564849	25.864830	0.003559	0.4
1700	-0.228623	394.564849	25.802590	0.004581	0.5
1701	-0.218183	395.564793	25.740652	0.005106	0.5
1702	-0.243259	396.564793	25.679007	0.005384	0.4
1703	-0.214758	395.771375	25.727893	0.004117	0.4
1704	-0.194062	396.771375	25.666309	0.002534	0.4
1705	-0.170943	397.771346	25.605022	0.003822	0.5
1706	-0.194324	396.977929	25.653626	0.005192	0.4
1707	-0.220719	397.977895	25.592399	0.008444	0.4
1708	-0.211107	397.184478	25.640955	0.004320	0.5
1709	-0.212240	398.184478	25.579786	0.004608	0.4
1710	-0.195965	399.184461	25.518910	0.003117	0.4
1711	-0.207892	398.461742	25.562878	0.003796	0.4
1712	-0.216995	397.668324	25.611322	0.003962	0.4
1713	-0.187672	398.668305	25.550296	0.005064	0.5
1714	-0.199033	399.668305	25.489558	0.005588	0.5
1715	-0.227820	398.874887	25.537725	0.004343	0.6
1716	-0.217597	398.081634	25.586064	0.008164	0.6
1717	-0.221759	399.081634	25.525156	0.002327	0.5
1718	-0.209083	398.288216	25.573457	0.004246	0.6
1719	-0.209774	398.194289	25.579188	0.003975	0.4
1720	-0.232940	399.194247	25.518315	0.006616	0.5
1721	-0.192631	400.194247	25.457730	0.003028	0.5
1722	-0.239241	399.400829	25.505776	0.005496	0.4
1723	-0.207062	398.607411	25.554004	0.005014	0.5
1724	-0.229561	397.813994	25.602414	0.004922	0.5
1725	-0.264261	397.020576	25.651009	0.005937	0.5
1726	-0.231982	396.227158	25.699788	0.003138	0.4
1727	-0.253397	395.591177	25.739022	0.005620	0.4
1728	-0.238907	394.811438	25.787288	0.006665	0.4
1729	-0.208514	395.811438	25.725420	0.004853	0.5
1730	-0.184576	396.811438	25.663848	0.003339	0.4
1731	-0.236240	396.018020	25.712676	0.006011	0.4
1732	-0.213230	397.018020	25.651165	0.002901	0.4
1733	-0.192538	398.018012	25.589949	0.005502	0.5
1734	-0.231704	397.224594	25.638495	0.005365	0.4
1735	-0.231464	398.224594	25.577338	0.004571	0.4
1736	-0.242332	397.440635	25.625258	0.005419	0.4
1737	-0.218813	398.440635	25.564164	0.005372	0.4
1738	-0.240889	399.440635	25.503361	0.009073	0.4
1739	-0.197888	398.647217	25.551580	0.002350	0.5
1740	-0.248737	399.561358	25.496040	0.009140	0.5
1741	-0.235682	398.769344	25.544146	0.007324	0.6
1742	-0.216228	399.769344	25.483438	0.006544	0.5
1743	-0.213461	400.769344	25.423017	0.004591	0.4
1744	-0.206748	401.756862	25.363632	0.005463	0.4
1745	-0.208489	402.636636	25.310959	0.002915	0.4
1746	-0.196693	403.636619	25.251353	0.003298	0.4
1747	-0.201022	404.636619	25.192027	0.004785	0.4
1748	-0.206481	405.636619	25.132979	0.004022	0.4
1749	-0.192544	404.843258	25.179803	0.003304	0.6
1750	-0.227954	404.049842	25.226805	0.004442	0.6
1751	-0.259029	405.049841	25.167594	0.004861	0.4
1752	-0.239463	406.049825	25.108661	0.006211	0.4
1753	-0.202704	407.049825	25.050003	0.003673	0.5
1754	-0.224793	406.256407	25.096521	0.005943	0.5
1755	-0.246281	405.462990	25.143212	0.005582	0.4
1756	-0.203264	404.669572	25.190077	0.009506	0.4
1757	-0.225646	405.669572	25.131038	0.003842	0.5
1758	-0.215550	404.876154	25.177858	0.004781	0.5
1759	-0.217005	404.082736	25.224853	0.001942	0.5
1760	-0.231942	403.665040	25.249663	0.006554	0.5
1761	-0.191099	404.665040	25.190345	0.005366	0.4
1762	-0.215271	405.665040	25.131305	0.005083	0.4
1763	-0.186647	406.665040	25.072541	0.004786	0.5
1764	-0.178140	405.871622	25.119143	0.005193	0.4
1765	-0.212769	406.870945	25.060476	0.006610	0.4
1766	-0.222130	406.079550	25.106914	0.003228	0.4
1767	-0.238858	405.286132	25.153643	0.006437	0.6
1768	-0.231302	406.286132	25.094775	0.002226	0.5
1769	-0.226624	407.286049	25.036186	0.003238	0.4
1770	-0.254529	406.493488	25.082603	0.002267	0.4
1771	-0.201312	406.144229	25.103112	0.006598	0.6
1772	-0.240880	405.350812	25.149827	0.002903	0.4
1773	-0.217249	406.350811	25.090977	0.005073	0.4
1774	-0.209400	407.079733	25.048253	0.006462	0.4
1775	-0.233584	408.079733	24.989876	0.004425	0.4
1776	-0.233848	407.286316	25.036171	0.004006	0.4
1777	-0.205001	408.286313	24.977851	0.002887	0.4
1778	-0.237141	407.510355	25.023081	0.003920	0.4
1779	-0.201817	406.716938	25.069499	0.002786	0.5
1780	-0.192118	405.984622	25.112495	0.003731	0.4
1781	-0.209784	405.450464	25.143950	0.004885	0.7
1782	-0.238805	404.657046	25.190818	0.005054	0.7
1783	-0.172625	403.863629	25.237861	0.005385	0.5
1784	-0.242788	404.863629	25.178599	0.004223	0.5
1785	-0.252294	405.863629	25.119613	0.004114	0.4
1786	-0.233273	406.863629	25.060904	0.004370	0.4
1787	-0.218719	406.070211	25.107463	0.005988	0.5
1788	-0.227519	405.278908	25.154070	0.002071	0.5
1789	-0.224167	406.278908	25.095199	0.005136	0.4
1790	-0.219770	405.485490	25.141885	0.004262	0.4
1791	-0.247691	404.697165	25.188444	0.003744	0.5
1792	-0.220522	403.903747	25.235478	0.003888	0.5
1793	-0.226252	403.110827	25.282659	0.006231	0.5
1794	-0.185724	404.109422	25.223269	0.007905	0.5
1795	-0.214450	403.636749	25.251346	0.005266	0.5
1796	-0.198041	402.843331	25.298615	0.004595	0.4
1797	-0.247626	403.806344	25.241265	0.004074	0.4
1798	-0.221960	403.012927	25.288496	0.003312	0.4
1799	-0.246134	404.012908	25.228997	0.005375	0.4
1800	-0.210306	405.012908	25.169776	0.007378	0.4
1801	-0.197987	404.219491	25.216740	0.002798	0.4
1802	-0.210276	405.219491	25.157576	0.001807	0.4
1803	-0.228670	405.340544	25.150433	0.006055	0.5
1804	-0.204740	406.340544	25.091580	0.002202	0.4
1805	-0.248434	407.340544	25.033001	0.004270	0.4
1806	-0.200243	406.547611	25.079428	0.003942	0.4
1807	-0.235143	407.503196	25.023499	0.006843	0.4
1808	-0.191373	406.709778	25.069919	0.006890	0.7
1809	-0.247202	407.709778	25.011441	0.007806	0.4
1810	-0.206304	408.709778	24.953236	0.005233	0.4
1811	-0.218640	407.916361	24.999395	0.005099	0.4
1812	-0.235685	408.916361	24.941245	0.004874	0.5
1813	-0.227879	409.916360	24.883366	0.002975	0.4
1814	-0.237299	410.916360	24.825754	0.004626	0.4
1815	-0.199556	410.122943	24.871442	0.002928	0.5
1816	-0.239111	409.329525	24.917299	0.005558	0.7
1817	-0.203855	408.536151	24.963322	0.002894	0.5
1818	-0.219937	407.742736	25.009518	0.002915	0.4
1819	-0.231708	408.740400	24.951458	0.004864	0.5
1820	-0.208257	409.740399	24.893531	0.003811	0.5
1821	-0.244615	410.475058	24.851145	0.006565	0.5
1822	-0.219199	411.475058	24.793683	0.004360	0.5
1823	-0.217628	410.681640	24.839253	0.003912	0.4
1824	-0.211231	409.986171	24.879335	0.003670	0.5
1825	-0.211674	410.986171	24.821742	0.002941	0.5
1826	-0.221567	410.192754	24.867415	0.008199	0.5
1827	-0.240101	409.399336	24.913257	0.004771	0.5
1828	-0.222894	408.605918	24.959268	0.007242	0.5
1829	-0.223414	407.819928	25.005016	0.007016	0.5
1830	-0.226463	407.026510	25.051367	0.004870	0.5
1831	-0.224964	408.026510	24.992976	0.005541	0.5
1832	-0.228143	409.026510	24.934857	0.006438	0.5
1833	-0.220464	410.026510	24.877007	0.009330	0.4
1834	-0.226612	411.026510	24.819425	0.003221	0.4
1835	-0.247493	412.026472	24.762110	0.008873	0.5
1836	-0.204142	411.233103	24.807562	0.003906	0.5
1837	-0.226068	411.926249	24.767843	0.003378	0.5
1838	-0.194841	411.157674	24.811892	0.006578	0.4
1839	-0.202494	412.157674	24.754610	0.005231	0.4
1840	-0.204483	413.157674	24.697593	0.004698	0.7
1841	-0.234053	414.157674	24.640837	0.003256	0.4
1842	-0.256789	415.157674	24.584342	0.004638	0.4
1843	-0.234984	414.364256	24.629145	0.005120	0.4
1844	-0.190542	415.364256	24.572703	0.003993	0.4
1845	-0.206556	414.570838	24.617464	0.005761	0.4
1846	-0.227073	413.777421	24.662388	0.003056	0.4
1847	-0.197151	414.777421	24.605794	0.006580	0.5
1848	-0.189176	413.984200	24.650664	0.004228	0.6
1849	-0.199346	413.190782	24.695709	0.004313	0.5
1850	-0.227560	414.190782	24.638962	0.004177	0.5
1851	-0.204760	414.981084	24.594300	0.003987	0.5
1852	-0.250876	415.981079	24.538017	0.004953	0.5
1853	-0.213231	416.981079	24.481992	0.005272	0.5
1854	-0.194801	416.187662	24.526423	0.004643	0.5
1855	-0.224497	417.187659	24.470450	0.005321	0.5
1856	-0.219301	418.187647	24.414733	0.006244	0.5
1857	-0.242226	419.187647	24.359269	0.003692	0.4
1858	-0.217933	420.187647	24.304056	0.005976	0.5
1859	-0.246200	419.394229	24.347843	0.005544	0.4
1860	-0.209804	420.393764	24.292707	0.004094	0.5
1861	-0.204564	419.600347	24.336452	0.002676	0.4
1862	-0.220561	420.600347	24.281343	0.006775	0.4
1863	-0.204006	421.401713	24.237360	0.006112	0.4
1864	-0.249657	422.401713	24.182697	0.002721	0.5
1865	-0.214780	422.618387	24.170886	0.005999	0.4
1866	-0.225437	423.618384	24.116523	0.005289	0.4
1867	-0.232079	424.618384	24.062403	0.007034	0.4
1868	-0.226330	425.618384	24.008527	0.004745	0.5
1869	-0.215779	424.824966	24.051254	0.004060	0.5
1870	-0.264855	425.824966	23.997427	0.006262	0.5
1871	-0.224183	425.031549	24.040114	0.003084	0.4
1872	-0.227755	424.238131	24.082954	0.003239	0.4
1873	-0.232054	423.444715	24.125946	0.008214	0.5
1874	-0.178096	424.444715	24.071785	0.005260	0.4
1875	-0.213559	423.651461	24.114729	0.004984	0.5
1876	-0.245351	422.859714	24.157744	0.004240	0.5
1877	-0.228588	423.819870	24.105599	0.003218	0.5
1878	-0.190804	423.026453	24.148672	0.004268	0.4
1879	-0.219078	422.233066	24.191899	0.005314	0.7
1880	-0.224233	423.233066	24.137441	0.005873	0.6
1881	-0.237007	424.233066	24.083228	0.005440	0.7
1882	-0.238563	425.233066	24.029258	0.004185	0.5
1883	-0.192383	426.233066	23.975529	0.004652	0.5
1884	-0.254512	425.439648	24.018139	0.003760	0.5
1885	-0.241547	426.439648	23.964460	0.003039	0.5
1886	-0.226872	427.416441	23.912257	0.006026	0.4
1887	-0.221029	428.416441	23.859050	0.005518	0.5
1888	-0.222462	428.534408	23.852789	0.002571	0.5
1889	-0.229477	429.534108	23.799861	0.004891	0.5
1890	-0.222711	429.249359	23.814913	0.003631	0.4
1891	-0.241411	430.249354	23.762138	0.004966	0.5
1892	-0.235444	429.455937	23.803992	0.005195	0.5
1893	-0.216354	428.662519	23.845993	0.005482	0.5
1894	-0.197139	427.869561	23.888119	0.003068	0.5
1895	-0.223173	428.869561	23.835019	0.005670	0.5
1896	-0.190148	429.869561	23.782154	0.002991	0.4
1897	-0.211663	430.869482	23.729528	0.006385	0.5
1898	-0.212585	431.869482	23.677129	0.003345	0.5
1899	-0.242056	432.869482	23.624962	0.002671	0.7
1900	-0.211842	433.869023	23.573048	0.003809	0.5
1901	-0.233049	433.075605	23.614238	0.002725	0.5
1902	-0.198254	432.286945	23.655324	0.004890	0.7
1903	-0.216052	431.493528	23.696802	0.004546	0.4
1904	-0.211844	432.493515	23.644548	0.003182	0.9
1905	-0.217870	431.700097	23.685989	0.008553	0.5
1906	-0.228468	432.700097	23.633782	0.003734	0.4
1907	-0.210421	433.664565	23.583649	0.003781	0.4
1908	-0.227344	434.664565	23.531892	0.004942	0.5
1909	-0.210374	433.871158	23.572937	0.004473	0.4
1910	-0.217540	433.094017	23.613280	0.003280	1.0
1911	-0.198530	432.704516	23.633552	0.005742	0.7
1912	-0.202280	431.911098	23.674954	0.004114	0.5
1913	-0.232647	432.911098	23.622796	0.004700	0.5
1914	-0.225089	433.911098	23.570868	0.007813	0.5
1915	-0.224957	434.911098	23.519167	0.003627	0.5
1916	-0.207655	435.911098	23.467693	0.002426	0.5
1917	-0.210515	435.117681	23.508515	0.005933	0.5
1918	-0.216164	435.036736	23.512688	0.004495	0.5
1919	-0.218813	434.243318	23.553667	0.007334	0.4
1920	-0.193447	433.449901	23.594789	0.003281	0.4
1921	-0.213808	434.449901	23.542983	0.005418	0.4
1922	-0.212067	435.449901	23.491405	0.005236	0.7
1923	-0.168044	434.668201	23.531704	0.004498	0.4
1924	-0.234592	433.874783	23.572750	0.005279	0.5
1925	-0.220136	434.874783	23.521041	0.003223	0.5
1926	-0.225699	434.081365	23.562049	0.005400	0.5
1927	-0.222605	433.287948	23.603200	0.004917	0.5
1928	-0.261009	432.494530	23.644495	0.004526	0.5
1929	-0.206474	433.494530	23.592472	0.004774	0.5
1930	-0.213959	432.701112	23.633729	0.004282	0.4
1931	-0.221095	431.907695	23.675132	0.006123	0.5
1932	-0.225229	431.114277	23.716679	0.003860	0.4
1933	-0.208493	430.320859	23.758373	0.003731	0.4
1934	-0.243346	429.527442	23.800214	0.004142	0.4
1935	-0.246365	430.520334	23.747877	0.004956	0.5
1936	-0.223988	429.726998	23.789676	0.005776	0.5
1937	-0.241323	430.726998	23.737012	0.007059	0.5
1938	-0.218474	429.933580	23.778778	0.004743	0.4
1939	-0.219382	429.140163	23.820690	0.005526	0.5
1940	-0.192300	430.140163	23.767889	0.003809	0.4
1941	-0.248300	431.140163	23.715322	0.005736	0.6
1942	-0.204805	432.139656	23.663013	0.005223	0.6
1943	-0.240591	431.346239	23.704518	0.004216	0.7
1944	-0.227789	431.711949	23.685369	0.005097	0.5
1945	-0.228662	430.918532	23.726952	0.003622	0.4
1946	-0.230717	431.918532	23.674565	0.006146	0.4
1947	-0.245902	431.125114	23.716111	0.005074	0.5
1948	-0.212825	432.125114	23.663772	0.005195	0.6
1949	-0.223970	431.331696	23.705280	0.003376	0.4
1950	-0.213393	430.538278	23.746933	0.003990	0.4
1951	-0.231550	431.538130	23.694466	0.007214	0.4
1952	-0.208551	430.744713	23.736082	0.004398	0.4
1953	-0.238177	429.951295	23.777844	0.003052	0.5
1954	-0.204796	429.175844	23.818802	0.003355	0.4
1955	-0.222966	428.382427	23.860856	0.006470	0.5
1956	-0.221491	429.173348	23.818934	0.006281	0.4
1957	-0.260980	428.458155	23.856836	0.005243	0.4
1958	-0.209945	427.664737	23.899024	0.005367	0.5
1959	-0.210598	426.871319	23.941362	0.005624	0.5
1960	-0.212661	427.871319	23.888025	0.005190	0.5
1961	-0.253321	428.871319	23.834925	0.003121	0.4
1962	-0.240667	428.077902	23.877036	0.007563	0.4
1963	-0.231619	427.284484	23.919296	0.004672	0.5
1964	-0.208848	428.284484	23.866058	0.004025	0.5
1965	-0.248524	429.284484	23.813055	0.002437	0.4
1966	-0.232460	430.229423	23.763187	0.007581	0.4
1967	-0.198537	429.436006	23.805045	0.004948	0.5
1968	-0.212976	430.436006	23.752313	0.004348	0.5
1969	-0.231674	429.642588	23.794132	0.006943	0.5
1970	-0.214456	430.642588	23.741449	0.005330	0.4
1971	-0.252291	429.849170	23.783230	0.006927	0.4
1972	-0.196618	430.849170	23.730594	0.002823	0.4
1973	-0.231926	431.849170	23.678191	0.003614	0.5
1974	-0.225845	432.849164	23.626020	0.004237	0.4
1975	-0.237782	433.821218	23.575526	0.006543	0.7
1976	-0.240846	433.027801	23.616724	0.004134	0.5
1977	-0.215601	434.027801	23.564823	0.005209	0.5
1978	-0.212909	433.234388	23.605983	0.006365	0.4
1979	-0.233767	432.440970	23.647288	0.003767	0.4
1980	-0.226238	431.647552	23.688738	0.005491	0.4
1981	-0.231954	430.854135	23.730334	0.004354	0.5
1982	-0.241996	431.137368	23.715468	0.006028	0.4
1983	-0.226020	432.137368	23.663132	0.003891	0.4
1984	-0.217685	431.343951	23.704637	0.008344	0.4
1985	-0.222630	430.579237	23.744779	0.002751	0.4
1986	-0.181229	431.579237	23.692314	0.002147	0.4
1987	-0.230384	430.785837	23.733921	0.006173	0.4
1988	-0.213440	431.785835	23.681504	0.003492	0.4
1989	-0.216382	430.992417	23.723074	0.003390	0.4
1990	-0.224583	431.991114	23.670772	0.005835	0.4
1991	-0.236532	431.197701	23.712304	0.008078	0.4
1992	-0.243876	432.197701	23.659982	0.005697	0.4
1993	-0.248073	431.404283	23.701476	0.003698	0.4
1994	-0.225430	430.610866	23.743116	0.005387	0.4
1995	-0.249944	429.817448	23.784903	0.004751	0.4
1996	-0.185349	430.817447	23.732260	0.004467	0.5
1997	-0.221905	430.024030	23.774009	0.006376	0.4
1998	-0.216178	429.230612	23.815905	0.004452	0.5
1999	-0.209727	428.437194	23.857948	0.005480	0.4
