1:ItNr	2:Metric	3a:Time	3b:StepSize	4:||Gradient||	Time[ms]
0	-0.189008	0.000000	16.575231	0.003014	9.9
1	-0.191789	0.000000	16.575231	0.002340	0.4
2	-0.193819	0.000000	16.575231	0.009581	0.4
3	-0.197343	0.000000	16.575231	0.002098	0.4
4	-0.172441	0.000000	16.575231	0.009951	0.4
5	-0.176703	0.594483	16.118925	0.010125	0.4
6	-0.188297	1.594181	15.405730	0.005283	0.4
7	-0.205169	1.219472	15.665532	0.008459	0.4
8	-0.198111	2.014715	15.124230	0.004015	0.4
9	-0.188527	1.673056	15.352136	0.005324	0.4
10	-0.177705	1.823967	15.250628	0.013225	0.5
11	-0.198492	1.485605	15.480120	0.008562	0.5
12	-0.187819	1.095281	15.753583	0.007750	0.4
13	-0.154347	2.091395	15.074007	0.006774	0.3
14	-0.183201	3.080331	14.454944	0.012010	0.3
15	-0.188623	4.079686	13.878956	0.004096	0.4
16	-0.200621	4.183312	13.821846	0.002926	0.4
17	-0.212958	4.039675	13.901133	0.006921	0.4
18	-0.202695	4.344102	13.734156	0.002845	0.4
19	-0.192692	4.667023	13.561364	0.002605	0.4
20	-0.218151	4.661904	13.564069	0.003999	0.3
21	-0.218150	4.735543	13.525257	0.009922	0.5
22	-0.179036	4.572879	13.611289	0.002690	0.4
23	-0.217389	4.523396	13.637678	0.006536	0.4
24	-0.201725	4.357203	13.727060	0.003902	0.4
25	-0.202562	4.006440	13.919608	0.011358	0.6
26	-0.194272	3.636888	14.128402	0.010632	0.4
27	-0.196341	4.634225	13.578715	0.004847	0.5
28	-0.202113	4.340420	13.736152	0.009538	0.4
29	-0.174926	3.988022	13.929868	0.004031	0.4
30	-0.168997	3.708257	14.087592	0.007355	0.4
31	-0.210706	3.797258	14.037030	0.007470	0.4
32	-0.221654	3.412665	14.258167	0.006689	0.4
33	-0.202510	3.043162	14.477291	0.012108	0.4
34	-0.198120	4.029692	13.906677	0.003621	0.4
35	-0.189254	4.995105	13.390207	0.011985	0.4
36	-0.199263	5.864135	12.957046	0.000975	0.4
37	-0.189252	6.238946	12.778756	0.010738	0.4
38	-0.195635	6.533673	12.641969	0.002541	0.4
39	-0.172418	6.191798	12.800913	0.011745	0.3
40	-0.173387	6.925102	12.464766	0.004100	0.4
41	-0.221597	6.537312	12.640299	0.017583	0.4
42	-0.198213	6.146974	12.822049	0.007889	0.4
43	-0.180156	7.146973	12.366511	0.002862	0.8
44	-0.209523	7.808338	12.082608	0.004713	0.4
45	-0.208749	7.579367	12.179411	0.002867	0.4
46	-0.176008	7.421920	12.246880	0.008052	0.3
47	-0.211935	7.663655	12.143596	0.008955	0.4
48	-0.167146	8.660638	11.735413	0.005689	0.4
49	-0.195348	8.377400	11.848559	0.008125	0.4
50	-0.205305	7.998916	12.003202	0.007194	0.4
51	-0.166573	7.609006	12.166793	0.001640	0.7
52	-0.190755	7.606862	12.167704	0.009834	0.3
53	-0.210706	7.347083	12.279212	0.003712	0.3
54	-0.197556	8.138710	11.945616	0.002525	0.4
55	-0.195510	8.011260	11.998095	0.005481	0.6
56	-0.185324	7.875544	12.054486	0.003320	0.4
57	-0.188686	7.709493	12.124208	0.005771	0.4
58	-0.168848	7.872827	12.055621	0.003419	0.3
59	-0.187896	8.565675	11.773107	0.010646	0.4
60	-0.210139	9.253602	11.505402	0.001915	0.4
61	-0.192875	9.103644	11.562715	0.004583	0.4
62	-0.207061	9.285649	11.493227	0.004654	0.4
63	-0.223558	9.222030	11.517421	0.008124	0.4
64	-0.176660	8.838955	11.665283	0.006164	0.4
65	-0.204570	9.525159	11.403048	0.007075	0.4
66	-0.211535	10.481595	11.056614	0.003258	0.5
67	-0.210559	10.271245	11.130988	0.009752	0.4
68	-0.200352	10.199308	11.156653	0.005162	0.4
69	-0.184340	11.048799	10.860933	0.008052	0.4
70	-0.190391	10.663159	10.993213	0.007481	0.4
71	-0.193432	11.574070	10.685795	0.007457	0.4
72	-0.203713	12.490792	10.393300	0.004061	0.4
73	-0.209780	12.963113	10.248762	0.004204	0.3
74	-0.184422	12.739286	10.316752	0.016751	0.3
75	-0.184719	13.730348	10.022354	0.013278	0.4
76	-0.194610	14.730348	9.741854	0.005368	0.4
77	-0.202865	15.725648	9.477841	0.004929	0.4
78	-0.200240	15.363989	9.572103	0.002666	0.4
79	-0.187549	15.164345	9.624945	0.010720	0.3
80	-0.186391	16.012153	9.404475	0.006021	0.3
81	-0.188693	15.629091	9.502825	0.008556	0.3
82	-0.198688	15.240937	9.604604	0.004844	0.4
83	-0.175962	16.141067	9.371832	0.004683	0.4
84	-0.205515	15.792828	9.460535	0.005027	0.6
85	-0.194830	15.926829	9.426205	0.006683	0.6
86	-0.199337	15.576562	9.516473	0.007740	0.5
87	-0.225629	15.188400	9.618548	0.012139	0.4
88	-0.219800	16.188025	9.359998	0.004435	0.4
89	-0.182311	17.180533	9.116684	0.004095	0.3
90	-0.205488	17.397317	9.065213	0.012231	0.4
91	-0.186580	18.334074	8.849321	0.004310	0.4
92	-0.188424	18.619077	8.785663	0.008880	0.4
93	-0.190001	18.681852	8.771764	0.004317	0.4
94	-0.221633	18.308579	8.855061	0.004507	0.4
95	-0.216198	18.953059	8.712220	0.004009	0.3
96	-0.208496	19.075278	8.685650	0.004695	0.4
97	-0.193063	18.813506	8.742758	0.005279	0.3
98	-0.234441	19.370702	8.622091	0.006752	0.4
99	-0.201635	18.991026	8.703949	0.005018	0.4
100	-0.213529	19.235145	8.651139	0.008374	0.4
101	-0.194177	19.982181	8.493444	0.002360	0.4
102	-0.206825	20.154253	8.457931	0.007415	0.4
103	-0.203113	20.323040	8.423384	0.004922	0.4
104	-0.180505	19.977755	8.494361	0.006879	0.4
105	-0.187878	20.047200	8.479990	0.017347	0.4
106	-0.222994	21.030402	8.281621	0.002205	0.4
107	-0.190580	20.659425	8.355368	0.006555	0.3
108	-0.204375	21.092888	8.269327	0.008693	0.4
109	-0.199609	20.703409	8.346556	0.004279	0.3
110	-0.215350	20.383402	8.411098	0.006243	0.3
111	-0.183644	20.381866	8.411410	0.004741	0.4
112	-0.214389	20.028236	8.483910	0.012692	0.4
113	-0.207174	20.864382	8.314463	0.010856	0.3
114	-0.195353	21.853560	8.122542	0.003807	0.4
115	-0.211006	22.586391	7.985975	0.006647	0.5
116	-0.207575	22.254066	8.047333	0.004753	0.4
117	-0.216144	23.148735	7.884254	0.005220	0.4
118	-0.197564	23.824351	7.765419	0.002860	0.4
119	-0.178339	23.636299	7.798134	0.006281	0.4
120	-0.238372	24.096906	7.718486	0.001869	0.5
121	-0.167053	24.349496	7.675495	0.003512	0.4
122	-0.227620	24.386117	7.669302	0.005019	0.3
123	-0.193036	24.439344	7.660318	0.008130	0.3
124	-0.189895	25.301550	7.517672	0.004093	0.4
125	-0.191613	25.041448	7.560141	0.004336	0.5
126	-0.196214	25.675677	7.457414	0.011592	0.5
127	-0.192941	25.708721	7.452138	0.004273	0.4
128	-0.222311	25.330137	7.513033	0.005150	0.4
129	-0.216758	25.749527	7.445634	0.004837	0.4
130	-0.193957	25.415766	7.499173	0.002441	0.5
131	-0.224569	25.659540	7.459993	0.012283	0.4
132	-0.186741	25.307104	7.516770	0.006343	0.4
133	-0.226709	25.839514	7.431329	0.013282	0.4
134	-0.210641	25.449309	7.493757	0.006618	0.4
135	-0.204026	25.109759	7.548941	0.004106	0.4
136	-0.200429	25.139770	7.544031	0.009576	0.4
137	-0.187579	25.999248	7.406073	0.010361	0.4
138	-0.196032	25.608626	7.468142	0.003719	0.3
139	-0.203432	26.107309	7.389084	0.005291	0.4
140	-0.211252	25.846099	7.430285	0.004937	0.4
141	-0.187667	25.808503	7.436252	0.003814	0.5
142	-0.216816	25.560383	7.475880	0.008975	0.4
143	-0.192331	26.485684	7.330206	0.005264	0.3
144	-0.188792	27.122178	7.233252	0.008275	0.6
145	-0.221134	26.736186	7.291740	0.006227	0.3
146	-0.202192	26.349288	7.351322	0.005429	0.4
147	-0.189432	27.271698	7.210847	0.002631	0.4
148	-0.207373	27.014134	7.249529	0.008757	0.6
149	-0.183239	26.677908	7.300653	0.004018	0.4
150	-0.195478	26.308670	7.357633	0.007959	0.3
151	-0.207895	26.184187	7.377045	0.008840	0.4
152	-0.197346	25.793732	7.438600	0.008158	0.4
153	-0.199134	25.418724	7.498695	0.004912	0.5
154	-0.187126	25.075908	7.554487	0.012845	0.4
155	-0.192841	24.693486	7.617713	0.005970	0.4
156	-0.191060	24.303247	7.683331	0.007802	0.8
157	-0.207363	23.917681	7.749284	0.007212	0.4
158	-0.207512	23.528171	7.817070	0.004568	0.4
159	-0.215143	23.151292	7.883798	0.006885	0.3
160	-0.184496	22.779801	7.950695	0.006496	0.3
161	-0.201667	22.426077	8.015457	0.004898	0.4
162	-0.172257	22.071686	8.081407	0.006082	0.5
163	-0.181013	21.733540	8.145355	0.010917	0.5
164	-0.173108	22.070048	8.081715	0.004391	0.4
165	-0.192970	21.901310	8.113502	0.007164	0.4
166	-0.203062	21.998600	8.095144	0.002227	0.4
167	-0.201639	22.469410	8.007467	0.007376	0.4
168	-0.208609	22.226684	8.052430	0.008614	0.4
169	-0.205705	21.836612	8.125756	0.009378	0.4
170	-0.183622	21.446035	8.200527	0.002832	0.4
171	-0.182175	22.131199	8.070257	0.009198	0.4
172	-0.207585	21.806583	8.131456	0.010762	0.4
173	-0.204896	21.430207	8.203586	0.007916	0.4
174	-0.179122	22.426437	8.015390	0.006114	0.4
175	-0.220273	22.050069	8.085466	0.002160	0.4
176	-0.188878	22.007936	8.093386	0.004009	0.4
177	-0.220464	21.893885	8.114906	0.003343	0.6
178	-0.210115	21.803963	8.131954	0.007122	0.4
179	-0.203518	21.753335	8.141583	0.007113	0.3
180	-0.228277	21.367538	8.215721	0.006596	0.4
181	-0.198390	21.456508	8.198504	0.008545	0.4
182	-0.215479	21.066840	8.274447	0.013410	0.3
183	-0.221643	20.676276	8.351990	0.007173	0.3
184	-0.208406	20.913938	8.304632	0.002229	0.4
185	-0.181917	20.619976	8.363288	0.013442	0.4
186	-0.210019	20.382588	8.411263	0.004132	0.4
187	-0.172469	19.996096	8.490561	0.002727	0.4
188	-0.208373	20.085917	8.471999	0.002829	0.4
189	-0.219252	20.301017	8.427876	0.005787	0.4
190	-0.188082	20.716527	8.343932	0.003390	0.3
191	-0.226157	20.419101	8.403849	0.001013	0.4
192	-0.216205	20.518078	8.383814	0.002189	0.3
193	-0.214057	20.568745	8.373595	0.013845	0.3
194	-0.197507	20.368476	8.414133	0.007489	0.4
195	-0.183722	19.979530	8.493993	0.002410	0.8
196	-0.197203	19.804953	8.530333	0.002732	0.4
197	-0.229528	19.667349	8.559197	0.004964	0.4
198	-0.210557	19.553734	8.583176	0.002120	0.4
199	-0.217354	19.905272	8.509413	0.009856	0.4
200	-0.189598	20.248516	8.438603	0.002923	0.5
201	-0.208400	20.829950	8.321307	0.007554	0.4
202	-0.186397	21.113243	8.265330	0.004456	0.5
203	-0.207617	20.829981	8.321301	0.008588	0.4
204	-0.221103	20.896909	8.308008	0.009886	0.4
205	-0.216120	21.895692	8.114564	0.009239	0.4
206	-0.225521	22.895597	7.929721	0.005647	0.4
207	-0.197331	22.506740	8.000596	0.015850	0.6
208	-0.227722	23.505570	7.821040	0.006649	0.4
209	-0.237331	24.505497	7.649182	0.015052	0.4
210	-0.197548	25.503069	7.485094	0.004675	0.4
211	-0.212901	26.391596	7.344759	0.017009	0.4
212	-0.201980	26.616328	7.310094	0.004709	0.4
213	-0.227152	27.496393	7.177438	0.002494	0.3
214	-0.198080	27.240561	7.215502	0.007595	0.4
215	-0.195970	27.849497	7.125556	0.003350	0.4
216	-0.182709	27.544913	7.170264	0.002617	0.4
217	-0.232754	27.393071	7.192762	0.010024	0.4
218	-0.201656	27.114761	7.234367	0.007029	0.4
219	-0.218803	26.724354	7.293548	0.012601	0.4
220	-0.223730	26.333746	7.353736	0.007914	0.3
221	-0.208396	25.949781	7.413876	0.002021	0.4
222	-0.187989	25.667889	7.458658	0.003218	0.4
223	-0.182335	25.612691	7.467491	0.006073	0.4
224	-0.168143	26.214184	7.372358	0.008375	0.4
225	-0.224576	25.825302	7.433585	0.007182	0.4
226	-0.206063	25.435186	7.496036	0.011188	0.4
227	-0.201640	26.434827	7.338065	0.010248	0.4
228	-0.208683	26.138523	7.384191	0.005327	0.3
229	-0.216005	27.107501	7.235459	0.006479	0.5
230	-0.187920	26.727429	7.293078	0.004905	0.4
231	-0.219305	27.363043	7.197228	0.006764	0.4
232	-0.213411	26.986415	7.253716	0.009036	0.4
233	-0.204351	26.628642	7.308204	0.004548	0.4
234	-0.250272	27.204716	7.220867	0.005573	0.4
235	-0.194966	26.947609	7.259587	0.005573	0.4
236	-0.200402	27.023290	7.248147	0.003399	0.8
237	-0.211346	27.403799	7.191168	0.006715	0.4
238	-0.213022	27.080321	7.239549	0.006835	0.4
239	-0.198559	26.738351	7.291409	0.008796	0.4
240	-0.189608	27.730657	7.142934	0.007824	0.3
241	-0.194683	28.728901	6.999548	0.008501	0.4
242	-0.194898	28.339579	7.054779	0.006748	0.3
243	-0.183027	28.022278	7.100442	0.004180	0.3
244	-0.209850	27.652148	7.154460	0.008373	0.3
245	-0.185678	28.578849	7.020733	0.005216	0.4
246	-0.194477	28.231133	7.070320	0.008052	0.5
247	-0.211903	28.898640	6.975738	0.005786	0.4
248	-0.200761	28.518224	7.029328	0.003355	0.4
249	-0.187680	28.360114	7.051844	0.013948	0.4
250	-0.225277	28.451395	7.038828	0.003955	0.4
251	-0.206387	28.188871	7.076394	0.007812	0.4
252	-0.212040	28.028231	7.099580	0.003817	0.4
253	-0.198484	27.745725	7.140726	0.004025	0.4
254	-0.200228	27.574988	7.165825	0.003767	0.4
255	-0.206173	27.333823	7.201579	0.007295	0.3
256	-0.203851	26.975856	7.255313	0.002518	0.3
257	-0.221894	26.980490	7.254612	0.004183	0.3
258	-0.199337	26.905223	7.266010	0.008794	0.4
259	-0.187527	26.589772	7.314173	0.004006	0.3
260	-0.210016	26.640017	7.306459	0.003211	0.3
261	-0.193314	26.504149	7.327357	0.006598	0.4
262	-0.213603	26.623039	7.309064	0.006840	0.4
263	-0.223344	27.423591	7.188229	0.019081	0.4
264	-0.208874	27.033023	7.246678	0.010828	0.5
265	-0.204537	28.033023	7.098886	0.010174	0.5
266	-0.202781	28.999450	6.961674	0.004158	0.4
267	-0.226066	28.613120	7.015883	0.003785	0.7
268	-0.189113	28.347819	7.053601	0.014442	0.4
269	-0.194284	27.958666	7.109668	0.002261	0.3
270	-0.216299	27.654559	7.154105	0.003594	0.4
271	-0.216102	27.576083	7.165663	0.004472	0.4
272	-0.185101	27.807561	7.131679	0.006593	0.4
273	-0.204434	27.503596	7.176372	0.006162	0.4
274	-0.193440	28.446412	7.039537	0.003923	0.4
275	-0.209416	28.830789	6.985237	0.006745	0.5
276	-0.188274	28.637364	7.012456	0.003151	0.5
277	-0.210411	29.098523	6.947906	0.006992	0.5
278	-0.206440	29.814590	6.849998	0.003369	0.4
279	-0.195737	30.146881	6.805495	0.006661	0.4
280	-0.189188	30.490027	6.760141	0.005376	0.4
281	-0.226876	31.414776	6.640873	0.011065	0.4
282	-0.180724	32.184533	6.544757	0.006569	0.4
283	-0.205935	33.180729	6.424422	0.015571	0.4
284	-0.210952	34.180587	6.308013	0.003100	0.4
285	-0.198173	34.037119	6.324456	0.001273	0.4
286	-0.236978	33.972373	6.331905	0.005338	0.4
287	-0.207593	34.117212	6.315266	0.005579	0.4
288	-0.193977	34.141509	6.312483	0.005752	0.4
289	-0.185997	34.910966	6.225610	0.007829	0.4
290	-0.239332	35.395876	6.172080	0.003652	0.4
291	-0.207146	35.036534	6.211659	0.005095	0.4
292	-0.186746	35.521387	6.158374	0.007570	0.4
293	-0.231747	35.169907	6.196910	0.006199	0.4
294	-0.208071	36.147502	6.090902	0.008054	0.4
295	-0.214680	35.759533	6.132535	0.003841	0.3
296	-0.221350	35.427189	6.168655	0.006856	0.4
297	-0.184566	35.088035	6.205956	0.012210	0.4
298	-0.228740	34.697442	6.249476	0.009518	0.4
299	-0.205318	34.306811	6.293616	0.012450	0.4
300	-0.215040	33.916176	6.338385	0.006605	0.4
301	-0.215278	34.902475	6.226555	0.006352	0.4
302	-0.217311	35.791691	6.129063	0.006723	0.4
303	-0.202027	35.418681	6.169585	0.008302	0.4
304	-0.204495	35.058058	6.209274	0.006368	0.4
305	-0.190383	35.812942	6.126770	0.008019	0.4
306	-0.196832	36.371645	6.067106	0.009991	0.4
307	-0.194488	35.981371	6.108660	0.006210	0.4
308	-0.191821	36.008681	6.105734	0.008268	0.4
309	-0.185136	35.627059	6.146882	0.004793	0.4
310	-0.214912	36.339700	6.070486	0.007322	0.5
311	-0.228450	37.219591	5.978741	0.017863	0.4
312	-0.184908	36.828955	6.019127	0.008782	0.4
313	-0.221512	37.828954	5.916812	0.001612	0.7
314	-0.186988	37.606741	5.939246	0.010095	0.5
315	-0.221123	37.740067	5.925765	0.013893	0.4
316	-0.231995	38.668682	5.833543	0.006590	0.3
317	-0.197827	38.278078	5.871983	0.003975	0.4
318	-0.196132	38.877023	5.813246	0.014635	0.4
319	-0.192723	39.865155	5.718869	0.007520	0.4
320	-0.188980	40.865143	5.626429	0.008843	0.4
321	-0.221935	40.496737	5.660135	0.002704	0.4
322	-0.207211	40.464149	5.663136	0.012718	0.3
323	-0.197577	40.083874	5.698392	0.005023	0.3
324	-0.206678	39.755978	5.729146	0.006094	0.4
325	-0.196705	39.438953	5.759197	0.006071	0.4
326	-0.201488	39.066278	5.794930	0.006467	0.4
327	-0.194829	38.739108	5.826666	0.005335	0.4
328	-0.190313	38.359447	5.863933	0.006343	0.4
329	-0.185518	39.157014	5.786189	0.003283	0.4
330	-0.185905	38.931368	5.807974	0.004380	0.3
331	-0.214552	39.350792	5.767610	0.012698	0.3
332	-0.181262	40.327761	5.675731	0.006603	0.4
333	-0.203578	39.943856	5.711484	0.007834	0.4
334	-0.203779	39.559195	5.747762	0.003292	0.4
335	-0.215964	39.201320	5.781930	0.005515	0.4
336	-0.218451	39.694105	5.734986	0.013532	0.5
337	-0.212028	39.333222	5.769290	0.008472	0.4
338	-0.202248	40.333199	5.675227	0.004217	0.4
339	-0.212615	39.983178	5.707801	0.003382	0.4
340	-0.189957	39.980665	5.708036	0.006546	0.3
341	-0.214208	39.669278	5.737333	0.011505	0.3
342	-0.202972	39.280080	5.774376	0.008151	0.3
343	-0.205511	38.889502	5.812034	0.005340	0.4
344	-0.224378	39.845959	5.720673	0.003937	0.4
345	-0.231528	39.536454	5.749921	0.009313	0.4
346	-0.211433	40.088471	5.697963	0.004767	0.4
347	-0.196322	40.033511	5.703094	0.005105	0.4
348	-0.197227	39.733120	5.731302	0.006972	0.4
349	-0.196364	39.506650	5.752754	0.019762	0.4
350	-0.215006	39.142064	5.787627	0.004965	0.4
351	-0.196109	38.752376	5.825372	0.002887	0.3
352	-0.208536	39.149030	5.786957	0.004579	0.4
353	-0.219790	38.871134	5.813818	0.005518	0.5
354	-0.217389	38.849037	5.815964	0.006645	0.4
355	-0.215373	38.526036	5.847523	0.008401	0.4
356	-0.215065	39.051117	5.796393	0.010492	0.4
357	-0.211688	40.021484	5.704218	0.005229	0.4
358	-0.195429	39.632154	5.740846	0.007718	0.4
359	-0.213272	39.255699	5.776712	0.006517	0.4
360	-0.212611	40.230875	5.684711	0.006427	0.4
361	-0.214921	40.206967	5.686932	0.005267	0.4
362	-0.205490	41.060067	5.608757	0.010227	0.4
363	-0.185253	41.952974	5.529204	0.009362	0.4
364	-0.211460	41.562531	5.563711	0.006215	0.4
365	-0.172914	42.541333	5.478007	0.005260	0.4
366	-0.222868	43.328727	5.410955	0.007701	0.4
367	-0.216005	43.213454	5.420669	0.004075	0.3
368	-0.217748	43.057394	5.433875	0.003326	0.4
369	-0.230686	43.252460	5.417378	0.008536	0.4
370	-0.186794	44.033917	5.352282	0.014043	0.4
371	-0.229157	43.643284	5.384625	0.014149	0.4
372	-0.198438	44.643284	5.302596	0.007371	0.4
373	-0.180435	45.643089	5.223045	0.014400	0.3
374	-0.202538	45.252456	5.253841	0.002143	0.4
375	-0.210172	44.885952	5.283066	0.013975	0.4
376	-0.202937	45.735014	5.215850	0.004360	0.4
377	-0.185780	45.345101	5.246504	0.014596	0.4
378	-0.195833	44.960144	5.277124	0.007184	0.3
379	-0.231894	44.569883	5.308532	0.004151	0.4
380	-0.211006	44.392876	5.322902	0.008500	0.4
381	-0.222317	45.241982	5.254671	0.008295	0.4
382	-0.210902	46.002839	5.195001	0.007096	0.5
383	-0.203829	45.613755	5.225345	0.009821	0.4
384	-0.211403	46.606413	5.148622	0.013269	0.3
385	-0.216177	47.606404	5.073577	0.010425	0.4
386	-0.214733	48.606399	5.000687	0.010212	0.4
387	-0.199820	49.606312	4.929869	0.007208	0.4
388	-0.212164	49.247598	4.955043	0.003832	0.4
389	-0.225189	48.909951	4.978974	0.007430	0.4
390	-0.216219	48.715067	4.992893	0.001187	0.4
391	-0.217183	48.648947	4.997633	0.012587	0.5
392	-0.232957	48.362114	5.018299	0.007253	0.4
393	-0.223763	49.361949	4.946990	0.009327	0.4
394	-0.220983	50.359011	4.877868	0.001882	0.3
395	-0.203610	50.052919	4.898882	0.007592	0.4
396	-0.221156	49.934345	4.907071	0.006072	0.4
397	-0.208481	49.657964	4.926265	0.013201	0.4
398	-0.205508	49.267702	4.953625	0.006473	0.4
399	-0.210583	48.878206	4.981236	0.008780	0.4
400	-0.187753	49.830777	4.914246	0.005928	0.3
401	-0.202928	49.441928	4.941373	0.008258	0.4
402	-0.209813	49.520621	4.935859	0.008557	0.4
403	-0.195678	49.130312	4.963330	0.006776	0.4
404	-0.219747	49.308997	4.950716	0.007900	0.4
405	-0.228329	48.920175	4.978246	0.008613	0.4
406	-0.216077	49.917416	4.908242	0.001754	0.3
407	-0.217672	49.623768	4.928650	0.004735	0.4
408	-0.216871	49.657768	4.926279	0.002908	0.4
409	-0.220286	49.583264	4.931478	0.012758	0.4
410	-0.234451	49.204494	4.958085	0.003298	0.3
411	-0.214116	48.911049	4.978896	0.007088	0.4
412	-0.212877	49.217730	4.957150	0.006228	0.4
413	-0.203527	48.832214	4.984517	0.009660	0.3
414	-0.214283	48.445237	5.012293	0.005406	0.4
415	-0.203103	49.415081	4.943257	0.002006	0.3
416	-0.165036	49.340666	4.948487	0.003334	0.4
417	-0.209354	49.579924	4.931712	0.007377	0.4
418	-0.221162	49.693655	4.923778	0.002372	0.4
419	-0.231964	49.464468	4.939792	0.004193	0.4
420	-0.210575	49.495873	4.937592	0.007041	0.4
421	-0.210460	49.687661	4.924195	0.006695	0.4
422	-0.211384	50.062466	4.898224	0.009860	0.4
423	-0.211873	49.672777	4.925232	0.007521	0.4
424	-0.218245	49.282425	4.952587	0.007340	0.4
425	-0.192938	49.672050	4.925283	0.002970	0.4
426	-0.235596	49.326665	4.949472	0.015337	0.4
427	-0.225427	48.978367	4.974106	0.012731	0.4
428	-0.203388	48.587730	5.002029	0.005003	0.4
429	-0.211430	49.574229	4.932110	0.008758	0.3
430	-0.213360	50.527436	4.866382	0.005882	0.4
431	-0.180916	50.138207	4.893008	0.005909	0.5
432	-0.193049	50.901709	4.841051	0.004327	0.4
433	-0.200672	50.644677	4.858419	0.012733	0.4
434	-0.198554	50.267311	4.884145	0.009092	0.4
435	-0.193143	49.887806	4.910292	0.004864	0.4
436	-0.201160	50.777351	4.849438	0.006786	0.4
437	-0.236635	50.405111	4.874719	0.011664	0.4
438	-0.212070	50.015113	4.901490	0.010034	0.3
439	-0.214850	49.859468	4.912256	0.003452	0.4
440	-0.207752	50.612601	4.860595	0.007440	0.4
441	-0.184846	51.006366	4.834015	0.006618	0.4
442	-0.211733	51.938436	4.772242	0.015021	0.4
443	-0.201608	51.558265	4.797246	0.013207	0.4
444	-0.198535	52.558265	4.732029	0.006012	0.4
445	-0.195117	52.168906	4.757210	0.007870	0.4
446	-0.209901	53.109148	4.696854	0.006974	0.4
447	-0.201628	54.000067	4.641060	0.001114	0.4
448	-0.196736	54.272289	4.624276	0.013619	0.4
449	-0.204250	54.523415	4.608900	0.005695	0.4
450	-0.212406	54.134862	4.632734	0.010743	0.4
451	-0.196976	53.777353	4.654883	0.011376	0.5
452	-0.179682	53.386759	4.679325	0.003938	0.4
453	-0.232907	52.999491	4.703814	0.005680	0.4
454	-0.221852	52.731604	4.720904	0.005007	0.4
455	-0.202591	52.634041	4.727159	0.003991	0.4
456	-0.192089	52.320618	4.747367	0.007540	0.4
457	-0.192665	52.008797	4.767643	0.006641	0.4
458	-0.225044	51.652625	4.791015	0.007362	0.4
459	-0.211206	52.624722	4.727758	0.002069	0.3
460	-0.220486	52.571854	4.731155	0.006137	0.4
461	-0.201104	52.623095	4.727862	0.007074	0.4
462	-0.203071	52.241027	4.752525	0.004219	0.4
463	-0.208083	51.971417	4.770085	0.005107	0.4
464	-0.196084	51.707059	4.787429	0.005709	0.4
465	-0.198812	51.461110	4.803678	0.011710	0.3
466	-0.204952	51.074554	4.829442	0.004727	0.4
467	-0.193641	52.065515	4.763942	0.007852	0.3
468	-0.224260	51.752698	4.784425	0.012204	0.4
469	-0.223345	51.375549	4.809357	0.005572	0.5
470	-0.204391	51.065577	4.830043	0.002411	0.4
471	-0.218412	51.188492	4.821819	0.005839	0.3
472	-0.190146	51.665545	4.790164	0.005220	0.4
473	-0.242199	51.664443	4.790236	0.007429	0.4
474	-0.227766	51.289710	4.815068	0.010297	0.4
475	-0.175800	52.287044	4.749541	0.003292	0.4
476	-0.211828	52.487352	4.736595	0.002976	0.4
477	-0.202005	52.422176	4.740800	0.013337	0.4
478	-0.212041	52.044031	4.765343	0.008400	0.3
479	-0.202675	53.043399	4.701025	0.015015	0.4
480	-0.222008	54.041985	4.638468	0.007408	0.4
481	-0.209568	53.652119	4.662692	0.001125	0.4
482	-0.217255	53.776794	4.654918	0.003130	0.4
483	-0.221533	53.836099	4.651229	0.004198	0.4
484	-0.214914	53.557327	4.668620	0.014428	0.4
485	-0.210646	54.535338	4.608172	0.001638	0.4
486	-0.192425	54.421776	4.615111	0.007348	0.4
487	-0.192706	54.280943	4.623745	0.005315	0.3
488	-0.223117	53.925868	4.645657	0.003202	0.3
489	-0.186064	54.027416	4.639369	0.006276	0.5
490	-0.215100	54.157853	4.631317	0.005068	0.4
491	-0.195086	54.936477	4.583829	0.004268	0.4
492	-0.199752	55.139688	4.571595	0.001949	0.4
493	-0.227068	55.091051	4.574518	0.003716	0.4
494	-0.187726	55.154119	4.570729	0.007840	0.4
495	-0.212801	55.398595	4.556103	0.009695	0.5
496	-0.189524	56.395470	4.497419	0.004405	0.5
497	-0.216392	57.365204	4.441765	0.003838	0.5
498	-0.199929	57.827260	4.415729	0.006278	0.4
499	-0.220158	57.891731	4.412121	0.007198	0.4
500	-0.187419	58.860258	4.358612	0.005603	0.4
501	-0.198845	59.816999	4.307013	0.013413	1.0
502	-0.206898	59.426511	4.327924	0.012157	0.4
503	-0.205383	60.426511	4.274773	0.002853	0.4
504	-0.214338	60.555361	4.268019	0.005025	0.4
505	-0.202583	61.037632	4.242929	0.004203	0.4
506	-0.218805	60.911406	4.249467	0.003622	0.6
507	-0.196640	60.673315	4.261855	0.009665	0.4
508	-0.205304	60.334760	4.279595	0.004887	0.4
509	-0.249950	59.947220	4.300084	0.003197	0.4
510	-0.209449	60.076478	4.293228	0.007054	0.5
511	-0.195181	59.728906	4.311713	0.006325	0.4
512	-0.195545	59.381065	4.330371	0.004823	0.4
513	-0.221467	59.082493	4.346516	0.007256	0.4
514	-0.193339	58.802095	4.361788	0.005289	0.4
515	-0.211576	58.427754	4.382345	0.006024	0.7
516	-0.206444	58.872249	4.357957	0.005511	0.5
517	-0.221394	58.496745	4.378542	0.009067	0.4
518	-0.205296	58.114174	4.399715	0.004358	0.4
519	-0.242987	59.017194	4.350063	0.005999	0.3
520	-0.204073	58.663829	4.369359	0.020304	0.3
521	-0.223998	58.273213	4.390889	0.004864	0.3
522	-0.197938	58.299767	4.389418	0.010496	0.4
523	-0.197051	58.055685	4.402970	0.005619	0.4
524	-0.222214	59.051719	4.348187	0.005543	0.4
525	-0.216470	59.938420	4.300552	0.006849	0.3
526	-0.189672	60.889386	4.250610	0.008508	0.4
527	-0.216611	60.501066	4.270862	0.002726	0.3
528	-0.225070	60.148057	4.289442	0.011948	0.3
529	-0.176399	61.034388	4.243097	0.004794	0.4
530	-0.257869	60.654887	4.262817	0.011277	0.4
531	-0.210181	60.266315	4.283200	0.004157	0.4
532	-0.212033	60.172096	4.288171	0.006094	0.4
533	-0.216520	60.016335	4.296416	0.005447	0.4
534	-0.203888	59.639954	4.316469	0.014544	0.3
535	-0.208849	59.251615	4.337356	0.005162	0.3
536	-0.193692	58.876002	4.357753	0.012889	0.3
537	-0.216108	58.486212	4.379122	0.010422	0.3
538	-0.194535	59.486210	4.324714	0.006328	0.9
539	-0.212585	60.483329	4.271792	0.004593	0.4
540	-0.202598	60.278407	4.282562	0.005028	0.4
541	-0.212358	60.631149	4.264057	0.003194	0.4
542	-0.223174	60.434260	4.274366	0.002201	0.7
543	-0.186991	60.270084	4.283001	0.006852	0.4
544	-0.204512	60.090079	4.292508	0.006969	0.4
545	-0.197900	60.185757	4.287450	0.009480	0.3
546	-0.187382	61.159277	4.236647	0.007272	0.3
547	-0.206110	60.772003	4.256712	0.005259	0.4
548	-0.221895	60.388827	4.276752	0.004555	0.4
549	-0.216112	60.066712	4.293746	0.011544	0.3
550	-0.205853	59.678353	4.314414	0.008271	0.4
551	-0.210827	60.667538	4.262157	0.011668	0.4
552	-0.227585	60.276930	4.282640	0.007585	0.4
553	-0.203930	59.959228	4.299446	0.006725	0.4
554	-0.236639	59.605163	4.318332	0.007580	0.3
555	-0.220994	59.216424	4.339259	0.013257	0.4
556	-0.211122	60.216373	4.285833	0.005958	0.4
557	-0.214093	61.155348	4.236850	0.002831	0.4
558	-0.178186	60.899432	4.250089	0.003861	0.4
559	-0.247764	60.746442	4.258043	0.008985	0.4
560	-0.220401	60.439378	4.274098	0.002413	0.4
561	-0.190948	60.171873	4.288183	0.001701	0.4
562	-0.210373	60.306507	4.281082	0.005764	0.4
563	-0.229948	60.213119	4.286005	0.012025	0.4
564	-0.212531	61.193769	4.234869	0.004000	0.4
565	-0.226364	60.809266	4.254773	0.004198	0.4
566	-0.186279	61.404454	4.224042	0.012291	0.4
567	-0.216156	62.391597	4.174040	0.003653	0.4
568	-0.226490	62.014744	4.192988	0.010879	0.3
569	-0.226195	61.681677	4.209879	0.009141	0.4
570	-0.203468	62.681618	4.159574	0.010018	0.4
571	-0.216022	62.291015	4.179080	0.011846	0.4
572	-0.212757	61.900380	4.198773	0.013522	0.4
573	-0.180153	61.509744	4.218651	0.003100	0.4
574	-0.208642	62.269802	4.180145	0.009616	0.4
575	-0.229113	62.647701	4.161260	0.008289	0.3
576	-0.214425	62.357384	4.175753	0.007536	0.3
577	-0.208541	63.351185	4.126556	0.004344	0.5
578	-0.201313	63.797356	4.104843	0.004941	0.6
579	-0.205553	63.508076	4.118894	0.002406	0.4
580	-0.221746	63.535054	4.117580	0.009171	0.4
581	-0.223155	63.249185	4.131552	0.008783	0.5
582	-0.195914	64.247756	4.083156	0.001239	0.5
583	-0.238737	64.080093	4.091202	0.008899	0.4
584	-0.189831	63.898367	4.099959	0.007342	0.5
585	-0.189933	64.880544	4.053070	0.016680	0.4
586	-0.198405	64.489918	4.071589	0.012457	0.4
587	-0.208796	64.099282	4.090279	0.007963	0.4
588	-0.228551	63.751657	4.107057	0.004737	0.4
589	-0.203029	63.376676	4.125309	0.007429	0.4
590	-0.196654	64.101401	4.090178	0.006624	0.4
591	-0.231400	63.732093	4.108005	0.002559	0.4
592	-0.230149	63.654455	4.111772	0.008017	0.4
593	-0.220185	63.359197	4.126164	0.004594	0.4
594	-0.214133	62.987153	4.144442	0.018593	0.4
595	-0.211580	62.596784	4.163795	0.004276	0.5
596	-0.190169	63.399390	4.124199	0.005639	0.5
597	-0.216738	63.784497	4.105466	0.005622	0.5
598	-0.217063	63.468139	4.120842	0.014039	0.5
599	-0.227997	63.186406	4.134632	0.003353	0.3
600	-0.196545	64.151126	4.087789	0.003022	0.4
601	-0.227985	64.006735	4.094733	0.013633	0.4
602	-0.197814	64.078034	4.091301	0.002449	0.4
603	-0.216263	63.716475	4.108762	0.006905	0.4
604	-0.230084	63.616311	4.113626	0.005682	0.4
605	-0.224471	63.467153	4.120890	0.004342	0.4
606	-0.205148	63.785690	4.105408	0.007292	0.4
607	-0.239429	64.574310	4.067574	0.005385	0.4
608	-0.194909	65.521405	4.023049	0.007119	0.5
609	-0.217662	66.368305	3.984052	0.009301	0.3
610	-0.192628	66.389473	3.983087	0.008822	0.4
611	-0.202637	66.007909	4.000554	0.007915	0.4
612	-0.200693	67.000738	3.955420	0.005922	0.4
613	-0.203463	66.613491	3.972902	0.008729	0.3
614	-0.213101	66.643196	3.971556	0.004851	0.3
615	-0.204377	67.322871	3.940993	0.005092	0.4
616	-0.193136	66.973333	3.956652	0.001386	0.4
617	-0.202354	66.992805	3.955776	0.006801	0.3
618	-0.219752	67.032865	3.953976	0.012133	0.3
619	-0.225207	66.642380	3.971593	0.006706	0.3
620	-0.214912	66.252071	3.989359	0.003824	0.5
621	-0.189489	65.924789	4.004380	0.007192	0.5
622	-0.214248	66.029773	3.999549	0.013445	0.4
623	-0.201076	66.961822	3.957170	0.010544	0.4
624	-0.218754	66.656348	3.970960	0.006069	0.4
625	-0.242959	66.273337	3.988387	0.005340	0.4
626	-0.210311	65.902206	4.005420	0.007477	0.4
627	-0.207522	66.824111	3.963375	0.008572	0.4
628	-0.185630	66.436974	3.980923	0.005849	0.3
629	-0.213862	67.253866	3.944075	0.008175	0.4
630	-0.215876	66.887812	3.960502	0.002813	0.4
631	-0.205459	67.294022	3.942281	0.006111	0.4
632	-0.218338	66.995849	3.955639	0.005683	0.4
633	-0.239293	67.420187	3.936656	0.007643	0.3
634	-0.239813	67.575076	3.929772	0.008206	0.3
635	-0.184407	68.570324	3.886107	0.003214	0.4
636	-0.234448	69.196985	3.859107	0.007760	0.3
637	-0.206424	69.554719	3.843862	0.002718	0.4
638	-0.224316	69.596740	3.842079	0.009588	0.5
639	-0.204515	69.947616	3.827256	0.002936	0.4
640	-0.224013	69.891435	3.829622	0.007569	0.4
641	-0.186887	69.585186	3.842569	0.007107	0.4
642	-0.227673	69.217317	3.858238	0.003343	0.5
643	-0.208659	69.417452	3.849698	0.011430	0.3
644	-0.206399	70.200544	3.816642	0.004774	0.4
645	-0.214171	69.816723	3.832773	0.007443	0.4
646	-0.189757	69.437778	3.848832	0.006928	0.4
647	-0.211847	70.412978	3.807773	0.009097	0.4
648	-0.199237	71.404591	3.766911	0.007914	0.4
649	-0.213513	72.251114	3.732715	0.004095	0.4
650	-0.226080	71.891660	3.747159	0.008311	0.4
651	-0.231133	72.038553	3.741243	0.006407	0.4
652	-0.211887	71.649357	3.756959	0.003277	0.4
653	-0.212964	72.147423	3.736870	0.014258	0.3
654	-0.216527	73.125888	3.698025	0.001864	0.3
655	-0.203207	73.025900	3.701957	0.007006	0.3
656	-0.213043	72.904833	3.706730	0.006821	0.4
657	-0.217188	73.886808	3.668369	0.001921	0.3
658	-0.200352	73.609079	3.679138	0.006534	0.4
659	-0.225072	73.352267	3.689152	0.013431	0.4
660	-0.199127	74.352008	3.650472	0.005225	0.5
661	-0.210932	74.426900	3.647607	0.008375	0.5
662	-0.206447	74.075845	3.661076	0.011790	0.4
663	-0.194976	73.685228	3.676179	0.006644	0.4
664	-0.192679	73.294665	3.691406	0.004377	0.4
665	-0.221269	74.101036	3.660106	0.006548	0.4
666	-0.216021	74.774773	3.634358	0.003807	0.4
667	-0.198305	74.943761	3.627957	0.011763	0.4
668	-0.208252	75.691397	3.599905	0.003116	0.4
669	-0.208224	75.329863	3.613416	0.010930	0.4
670	-0.210917	76.075009	3.585679	0.004264	0.4
671	-0.214282	75.795619	3.596029	0.006923	0.4
672	-0.219536	75.485126	3.607601	0.006189	0.4
673	-0.175393	75.213751	3.617776	0.005282	0.6
674	-0.211959	75.332068	3.613333	0.002778	0.4
675	-0.226576	75.832011	3.594677	0.002781	0.4
676	-0.212078	75.891968	3.592453	0.003082	0.4
677	-0.211112	75.798508	3.595922	0.005116	0.4
678	-0.191407	75.939805	3.590680	0.004424	0.4
679	-0.210764	75.812189	3.595413	0.015103	0.4
680	-0.217583	75.548213	3.605244	0.008104	0.4
681	-0.234011	76.548185	3.568286	0.003306	0.4
682	-0.193992	76.326131	3.576427	0.005945	0.3
683	-0.216794	76.237043	3.579704	0.000774	0.4
684	-0.212145	76.219826	3.580338	0.002555	0.4
685	-0.212766	76.190510	3.581418	0.003617	0.3
686	-0.223056	76.138141	3.583349	0.006219	0.4
687	-0.215641	75.870227	3.593259	0.008133	0.4
688	-0.203571	76.849531	3.557297	0.009005	0.7
689	-0.204414	76.459176	3.571545	0.008948	0.4
690	-0.199275	76.069338	3.585889	0.004739	0.4
691	-0.220704	75.686551	3.600085	0.004648	0.4
692	-0.233427	76.439171	3.572278	0.002928	0.4
693	-0.191043	76.263205	3.578741	0.005091	0.6
694	-0.215209	76.072452	3.585774	0.003358	0.4
695	-0.223985	76.221341	3.580282	0.006935	0.4
696	-0.242719	76.855531	3.557079	0.005327	0.3
697	-0.213721	76.482079	3.570706	0.008851	0.4
698	-0.214330	76.126848	3.583765	0.002562	0.4
699	-0.204178	76.214793	3.580523	0.007511	0.4
700	-0.194016	76.174141	3.582021	0.006274	0.4
701	-0.213563	75.811214	3.595450	0.007451	0.4
702	-0.194624	75.687563	3.600048	0.005604	0.5
703	-0.224684	76.089461	3.585146	0.011026	0.4
704	-0.220479	75.703381	3.599459	0.005362	0.5
705	-0.208799	75.315774	3.613944	0.010051	0.4
706	-0.191414	75.010969	3.625418	0.010124	0.5
707	-0.207878	74.620337	3.640228	0.003482	0.5
708	-0.202464	74.796220	3.633545	0.004015	0.4
709	-0.216526	74.527707	3.643758	0.004721	0.3
710	-0.219474	74.242396	3.654673	0.002515	0.4
711	-0.230599	74.020116	3.663223	0.005733	0.4
712	-0.222569	74.234938	3.654960	0.003582	0.4
713	-0.219171	74.548419	3.642968	0.015202	0.4
714	-0.235342	74.207230	3.656023	0.014398	0.4
715	-0.190799	73.816593	3.671086	0.005196	0.4
716	-0.183193	73.427124	3.686227	0.002848	0.3
717	-0.211969	73.599398	3.679514	0.005949	0.4
718	-0.196983	73.318841	3.690459	0.015645	0.4
719	-0.209075	72.928217	3.705807	0.007518	0.4
720	-0.203902	72.537606	3.721282	0.005403	0.4
721	-0.228373	73.261857	3.692690	0.008080	0.4
722	-0.204467	74.237242	3.654871	0.006998	0.4
723	-0.197446	73.848418	3.669854	0.004683	0.4
724	-0.203763	73.496467	3.683522	0.005353	0.4
725	-0.207172	74.020526	3.663207	0.007568	0.4
726	-0.200832	74.850219	3.631498	0.002378	0.4
727	-0.213635	74.635613	3.639647	0.006181	0.4
728	-0.196734	74.553847	3.642761	0.016464	0.4
729	-0.203634	75.476217	3.607934	0.004863	0.4
730	-0.217505	76.371484	3.574762	0.015502	0.6
731	-0.236677	75.984077	3.589041	0.007533	0.4
732	-0.199181	75.593441	3.603556	0.005733	0.4
733	-0.209216	75.220032	3.617540	0.002635	0.4
734	-0.211722	75.399522	3.610805	0.006396	0.4
735	-0.216631	75.351325	3.612611	0.003853	0.5
736	-0.210759	75.883504	3.592767	0.005313	0.4
737	-0.174254	75.542296	3.605465	0.013651	0.4
738	-0.196809	76.255495	3.579025	0.008124	0.4
739	-0.197169	75.864860	3.593458	0.003051	0.6
740	-0.229830	75.507444	3.606767	0.016011	0.4
741	-0.251215	76.494757	3.570242	0.007267	0.4
742	-0.225506	77.494747	3.533994	0.003123	0.5
743	-0.219214	77.159302	3.546071	0.007467	0.4
744	-0.214031	76.860187	3.556910	0.002082	0.4
745	-0.210727	77.442381	3.535874	0.003080	0.4
746	-0.209054	77.445436	3.535764	0.006780	0.3
747	-0.228659	77.526254	3.532864	0.006091	0.4
748	-0.232538	77.152342	3.546322	0.004262	0.3
749	-0.212776	77.919631	3.518815	0.004445	0.3
750	-0.198253	77.598550	3.530273	0.006941	0.4
751	-0.186710	77.307673	3.540719	0.003590	0.3
752	-0.212947	78.125338	3.511512	0.004589	0.4
753	-0.216991	77.850326	3.521282	0.007968	0.4
754	-0.210166	78.700569	3.491252	0.005443	0.3
755	-0.212564	78.797656	3.487856	0.006240	0.4
756	-0.212070	78.880199	3.484974	0.003196	0.4
757	-0.198166	79.449157	3.465234	0.007965	0.4
758	-0.214384	79.112875	3.476874	0.002276	0.4
759	-0.215875	79.074590	3.478204	0.003287	0.4
760	-0.189547	79.330552	3.469331	0.003780	0.4
761	-0.210301	79.548868	3.461798	0.003161	0.4
762	-0.222003	79.304594	3.470228	0.004644	0.4
763	-0.220577	79.362501	3.468226	0.003130	0.4
764	-0.206342	79.502319	3.463401	0.004788	0.4
765	-0.195942	79.346657	3.468774	0.008692	0.4
766	-0.216667	78.972494	3.481756	0.011036	0.4
767	-0.186926	79.971971	3.447292	0.006172	0.4
768	-0.206520	79.583357	3.460611	0.005731	0.4
769	-0.225397	79.206673	3.473619	0.003827	0.3
770	-0.226932	78.908638	3.483982	0.002771	0.4
771	-0.208969	78.901253	3.484239	0.001823	0.4
772	-0.229497	78.982184	3.481419	0.006066	0.4
773	-0.196138	79.398537	3.466981	0.002642	0.3
774	-0.217521	79.646888	3.458426	0.004214	0.5
775	-0.211069	79.523265	3.462679	0.007259	0.5
776	-0.225310	79.376482	3.467743	0.008780	0.4
777	-0.219793	80.351066	3.434397	0.008626	0.4
778	-0.221292	81.350451	3.400863	0.021196	0.5
779	-0.194071	82.350449	3.367957	0.005373	0.5
780	-0.187739	81.959825	3.380735	0.002649	0.4
781	-0.244492	82.185304	3.373347	0.010712	0.4
782	-0.216996	82.031738	3.378375	0.004544	0.5
783	-0.219644	81.753856	3.387511	0.003920	0.4
784	-0.220115	81.454361	3.397414	0.001124	0.5
785	-0.218064	81.427954	3.398290	0.007342	0.5
786	-0.216441	81.293615	3.402752	0.009061	0.4
787	-0.233226	80.913126	3.415456	0.006227	0.4
788	-0.229909	81.902265	3.382626	0.006086	0.4
789	-0.218877	82.516331	3.362560	0.012827	0.4
790	-0.215930	82.128741	3.375197	0.008080	0.4
791	-0.236982	81.738117	3.388030	0.020895	0.4
792	-0.216051	82.738116	3.355371	0.004639	0.4
793	-0.234404	82.347495	3.368053	0.002552	0.4
794	-0.213118	82.642791	3.358457	0.003266	0.4
795	-0.204984	82.878190	3.350846	0.004908	0.4
796	-0.194127	83.130409	3.342730	0.003097	0.4
797	-0.206727	83.390573	3.334399	0.006288	0.4
798	-0.236094	83.078372	3.344401	0.013327	0.5
799	-0.201193	82.701444	3.356557	0.006008	0.3
800	-0.223041	82.310880	3.369247	0.010177	0.4
801	-0.245515	81.931283	3.381672	0.009104	0.4
802	-0.225604	81.542021	3.394509	0.016491	0.4
803	-0.195177	82.542021	3.361725	0.005372	0.4
804	-0.212895	83.540760	3.329609	0.006605	0.5
805	-0.198418	84.471205	3.300236	0.006472	0.4
806	-0.224148	84.098756	3.311931	0.002474	0.3
807	-0.234446	83.871692	3.319102	0.003657	0.3
808	-0.191084	84.205819	3.308561	0.008690	0.4
809	-0.204507	84.413107	3.302055	0.008996	0.5
810	-0.219192	85.411487	3.271074	0.007787	0.7
811	-0.206587	86.405437	3.240803	0.005725	0.4
812	-0.192799	87.357841	3.212318	0.004943	0.4
813	-0.207866	87.637712	3.204043	0.005199	0.4
814	-0.189360	87.909206	3.196055	0.003129	0.4
815	-0.204860	87.708969	3.201942	0.009177	0.4
816	-0.222324	87.356464	3.212359	0.002388	0.3
817	-0.212369	87.074815	3.220730	0.002553	0.4
818	-0.224652	87.146994	3.218581	0.003799	0.3
819	-0.221404	87.127548	3.219160	0.005660	0.3
820	-0.196419	87.851697	3.197744	0.002876	0.4
821	-0.208698	87.730648	3.201304	0.008854	0.3
822	-0.231440	88.339077	3.183490	0.008405	0.3
823	-0.227173	87.948874	3.194892	0.009505	0.4
824	-0.200836	87.558330	3.206385	0.007601	0.4
825	-0.211205	88.557431	3.177145	0.004964	0.3
826	-0.221563	88.177201	3.188210	0.003676	0.3
827	-0.219079	88.445303	3.180400	0.007773	0.3
828	-0.239845	88.499533	3.178825	0.005394	0.4
829	-0.220583	89.129359	3.160645	0.005179	0.4
830	-0.194487	88.766925	3.171081	0.005974	0.4
831	-0.231302	88.955570	3.165641	0.011714	0.4
832	-0.195588	88.769286	3.171013	0.003717	0.4
833	-0.209158	89.420357	3.152316	0.006196	0.6
834	-0.223505	90.167574	3.131128	0.004142	0.4
835	-0.202719	90.631951	3.118102	0.017962	0.4
836	-0.208785	91.531445	3.093179	0.002176	0.4
837	-0.182379	92.023396	3.079715	0.010690	0.4
838	-0.198894	92.075023	3.078309	0.006315	0.4
839	-0.208539	91.684808	3.088969	0.011867	0.3
840	-0.223670	91.294606	3.099702	0.007947	0.4
841	-0.205359	92.294426	3.072348	0.005410	0.4
842	-0.197492	92.575132	3.064754	0.007698	0.4
843	-0.206191	92.346328	3.070941	0.006679	0.4
844	-0.194838	93.327968	3.044573	0.007622	1.1
845	-0.217449	92.976533	3.053961	0.003483	0.4
846	-0.216463	93.621758	3.036769	0.004036	0.4
847	-0.186216	93.384936	3.043057	0.006365	0.4
848	-0.199582	93.764377	3.032996	0.015050	0.5
849	-0.224340	93.374119	3.043345	0.010538	0.4
850	-0.207213	92.983483	3.053774	0.006438	0.4
851	-0.224887	93.937952	3.028415	0.006427	0.4
852	-0.199656	94.271073	3.019663	0.006069	0.4
853	-0.209254	95.068230	2.998924	0.007401	0.4
854	-0.201137	94.681099	3.008960	0.005706	0.4
855	-0.205152	94.303210	3.018822	0.003040	0.4
856	-0.214911	94.034075	3.025885	0.009044	0.3
857	-0.215604	93.848742	3.030768	0.006052	0.4
858	-0.205278	94.637196	3.010103	0.003708	0.4
859	-0.211046	95.175714	2.996150	0.003675	0.3
860	-0.200861	94.971342	3.001430	0.003993	0.4
861	-0.217393	94.948699	3.002016	0.006685	0.4
862	-0.203316	95.764977	2.981030	0.004869	0.4
863	-0.213097	95.549382	2.986544	0.002051	0.4
864	-0.217634	95.855740	2.978714	0.003941	0.6
865	-0.213937	96.042016	2.973973	0.020134	0.3
866	-0.237044	95.657975	2.983764	0.003036	0.4
867	-0.203659	95.998366	2.975083	0.011027	0.4
868	-0.226606	96.430768	2.964128	0.000786	0.3
869	-0.235038	96.276595	2.968025	0.001777	0.4
870	-0.201054	96.291266	2.967654	0.008397	0.4
871	-0.210778	96.180962	2.970447	0.009327	0.4
872	-0.202911	96.099031	2.972525	0.001601	0.3
873	-0.223915	96.183281	2.970388	0.004972	0.4
874	-0.196584	96.193967	2.970117	0.010325	0.4
875	-0.190263	95.806156	2.979979	0.015416	0.4
876	-0.238437	95.415520	2.989978	0.005758	0.4
877	-0.216086	96.140308	2.971478	0.008823	0.4
878	-0.190514	95.792577	2.980325	0.004580	0.4
879	-0.182176	96.751673	2.956050	0.002411	0.4
880	-0.201990	96.714990	2.956971	0.005433	0.4
881	-0.227200	96.690968	2.957575	0.004663	0.4
882	-0.187571	97.502522	2.937320	0.006654	0.4
883	-0.206798	97.208113	2.944636	0.005031	0.4
884	-0.228134	97.908627	2.927288	0.008762	0.4
885	-0.188389	97.522262	2.936831	0.004095	0.4
886	-0.219252	98.214782	2.919771	0.004242	0.3
887	-0.212596	98.421618	2.914714	0.007034	0.6
888	-0.197607	98.051256	2.923781	0.006382	0.5
889	-0.239509	97.664220	2.933318	0.006411	0.4
890	-0.212618	98.440454	2.914254	0.005186	0.4
891	-0.212811	99.357544	2.892048	0.009124	0.4
892	-0.208593	100.323217	2.869029	0.003284	0.4
893	-0.230140	101.123794	2.850221	0.008240	0.4
894	-0.232645	100.787173	2.858099	0.009006	0.3
895	-0.187241	100.405833	2.867077	0.009142	0.4
896	-0.222938	100.015334	2.876328	0.004038	0.4
897	-0.228609	100.087247	2.874620	0.005315	0.5
898	-0.199037	100.698831	2.860174	0.007814	0.3
899	-0.206873	101.654001	2.837900	0.007475	0.3
900	-0.221412	101.281405	2.846548	0.005868	0.4
901	-0.212480	100.901096	2.855428	0.006256	0.4
902	-0.239899	100.739266	2.859224	0.018330	0.3
903	-0.227911	101.735634	2.836013	0.005890	0.4
904	-0.204110	102.735408	2.813098	0.009016	0.3
905	-0.210880	103.445536	2.797046	0.002614	0.4
906	-0.200695	103.704048	2.791247	0.001265	0.4
907	-0.197074	103.742576	2.790385	0.004852	0.4
908	-0.194469	103.952416	2.785699	0.004757	0.4
909	-0.233240	104.497997	2.773589	0.003520	0.4
910	-0.233701	104.309905	2.777752	0.006987	0.4
911	-0.190923	104.968785	2.763223	0.003489	0.4
912	-0.212267	104.647389	2.770291	0.001604	0.4
913	-0.232718	104.805221	2.766816	0.006085	0.4
914	-0.194947	105.039516	2.761672	0.011125	0.4
915	-0.202281	105.630392	2.748786	0.005127	0.5
916	-0.233443	106.611741	2.727648	0.004680	0.4
917	-0.230444	106.345970	2.733340	0.010435	0.4
918	-0.199390	106.001936	2.740744	0.008850	0.4
919	-0.208412	107.001781	2.719336	0.003323	0.4
920	-0.208843	107.721560	2.704130	0.009981	0.4
921	-0.189245	108.520146	2.687457	0.011141	0.4
922	-0.224597	108.129512	2.695587	0.003390	0.5
923	-0.224548	107.874417	2.700923	0.002960	0.3
924	-0.224443	107.646651	2.705705	0.007595	0.3
925	-0.235524	107.872534	2.700962	0.004477	0.4
926	-0.208686	107.505485	2.708677	0.004628	0.5
927	-0.218295	107.953740	2.699261	0.005967	0.4
928	-0.202903	108.158831	2.694975	0.002700	0.4
929	-0.220481	107.967098	2.698982	0.008100	0.4
930	-0.209288	108.133302	2.695508	0.004388	0.4
931	-0.194868	109.076543	2.675962	0.008692	0.3
932	-0.208695	110.028063	2.656529	0.002956	0.3
933	-0.224347	110.746659	2.642039	0.013638	0.4
934	-0.196347	111.535751	2.626309	0.009647	0.3
935	-0.212588	112.535746	2.606642	0.004914	0.3
936	-0.193878	112.162301	2.613952	0.002748	0.4
937	-0.251718	111.878271	2.619539	0.008163	0.3
938	-0.187480	112.495257	2.607432	0.008629	0.4
939	-0.200598	113.492247	2.588103	0.005917	0.4
940	-0.206745	113.108785	2.595504	0.013657	0.4
941	-0.195522	114.107302	2.576322	0.004881	0.3
942	-0.210970	113.743499	2.583277	0.006058	0.4
943	-0.218455	113.373494	2.590391	0.001073	0.4
944	-0.247247	113.367967	2.590497	0.014879	0.4
945	-0.203865	113.146783	2.594769	0.005963	0.4
946	-0.213134	112.757458	2.602321	0.006205	0.3
947	-0.230925	113.706418	2.583989	0.006832	0.4
948	-0.209860	114.662673	2.565775	0.003331	0.4
949	-0.207746	115.227399	2.555138	0.006714	0.4
950	-0.226747	114.900171	2.561291	0.004154	0.4
951	-0.225201	114.539080	2.568114	0.005221	0.4
952	-0.210682	114.270995	2.573204	0.001701	0.4
953	-0.242275	114.596923	2.567019	0.006553	0.3
954	-0.217057	114.547815	2.567949	0.005253	0.3
955	-0.191668	115.474975	2.550503	0.008770	0.4
956	-0.176715	115.924140	2.542136	0.004053	0.4
957	-0.225637	115.785701	2.544709	0.012437	0.4
958	-0.197980	116.476291	2.531926	0.003672	0.5
959	-0.208097	116.134379	2.538239	0.006650	0.7
960	-0.211952	115.998009	2.540766	0.006596	0.4
961	-0.211575	116.527847	2.530977	0.006067	0.3
962	-0.221082	117.410311	2.514840	0.003754	0.3
963	-0.221800	117.063622	2.521155	0.009475	0.3
964	-0.221014	117.991485	2.504325	0.016313	0.6
965	-0.201737	117.600849	2.511383	0.007356	0.5
966	-0.255661	117.455610	2.514018	0.011657	0.4
967	-0.248759	117.069854	2.521042	0.005025	0.4
968	-0.204058	118.060037	2.503090	0.003657	0.5
969	-0.219846	117.849385	2.506888	0.004677	0.4
970	-0.213229	117.651925	2.510458	0.003700	0.4
971	-0.210976	117.413599	2.514781	0.003575	0.3
972	-0.238407	117.865505	2.506597	0.016585	0.4
973	-0.197857	118.600021	2.493408	0.008281	0.3
974	-0.215128	119.600019	2.475674	0.000935	0.3
975	-0.197614	119.442881	2.478444	0.005775	0.4
976	-0.190043	119.383320	2.479496	0.004958	0.3
977	-0.178370	119.615299	2.475405	0.003138	0.4
978	-0.186744	119.558720	2.476402	0.006189	0.5
979	-0.206072	119.262606	2.481630	0.003748	0.4
980	-0.197036	119.818523	2.471833	0.008099	0.4
981	-0.206739	120.629686	2.457676	0.005317	0.4
982	-0.190268	120.297916	2.463446	0.003028	0.4
983	-0.222885	120.872763	2.453465	0.004997	0.3
984	-0.212607	121.207753	2.447685	0.001269	0.5
985	-0.207937	121.211687	2.447618	0.011538	0.4
986	-0.203075	121.346585	2.445298	0.003850	0.6
987	-0.207642	120.962297	2.451918	0.012264	0.4
988	-0.212309	120.575661	2.458614	0.008678	0.4
989	-0.222316	121.575642	2.441370	0.010435	0.4
990	-0.191910	122.575405	2.424370	0.004299	0.3
991	-0.215826	122.192094	2.430859	0.006421	0.4
992	-0.204564	122.929604	2.418403	0.004065	0.4
993	-0.231867	122.628856	2.423467	0.010554	0.4
994	-0.216860	123.495011	2.408940	0.007375	0.3
995	-0.211604	124.455344	2.393036	0.004131	0.4
996	-0.183827	124.474593	2.392719	0.007576	0.5
997	-0.223006	125.377635	2.377958	0.004299	1.2
998	-0.208447	126.150744	2.365464	0.007872	0.4
999	-0.215691	126.125884	2.365864	0.004267	0.4
