1:ItNr	2:Metric	3a:Time	3b:StepSize	4:||Gradient||	Time[ms]
0	-0.126710	0.000000	252.088204	0.002729	5.6
1	-0.131528	0.000000	252.088204	0.004201	0.6
2	-0.145804	0.000000	252.088204	0.005291	0.5
3	-0.127022	0.000000	252.088204	0.004777	0.5
4	-0.136993	0.000000	252.088204	0.004311	0.5
5	-0.145038	0.000000	252.088204	0.002888	0.5
6	-0.130151	0.000000	252.088204	0.002516	0.5
7	-0.139923	0.952391	241.151514	0.002117	0.6
8	-0.126329	1.581841	234.429611	0.002304	0.5
9	-0.154706	1.869181	231.484120	0.004825	0.5
10	-0.149910	1.370854	236.640602	0.004838	0.5
11	-0.134805	0.872522	242.032090	0.004620	0.4
12	-0.153997	0.374187	247.675024	0.002209	0.4
13	-0.137049	0.000000	252.088204	0.004030	0.5
14	-0.161627	0.000000	252.088204	0.002672	0.4
15	-0.163241	0.999694	240.632994	0.002299	0.4
16	-0.144908	1.991940	230.248175	0.003565	0.4
17	-0.140007	1.493698	235.348238	0.002889	0.4
18	-0.148850	0.995638	240.677364	0.003262	0.4
19	-0.145089	1.551286	234.747250	0.001639	0.4
20	-0.151222	1.071249	239.852865	0.003235	0.4
21	-0.118305	0.800147	242.835627	0.001696	0.5
22	-0.176674	1.251306	237.911983	0.001159	0.5
23	-0.163797	0.909189	241.627035	0.002006	0.4
24	-0.156552	0.463679	246.642349	0.003123	0.4
25	-0.165669	0.070268	251.247510	0.003967	0.4
26	-0.169977	0.000000	252.088204	0.002911	0.5
27	-0.178787	0.999966	240.630018	0.002125	0.4
28	-0.171619	1.818587	231.997379	0.006241	0.4
29	-0.179956	1.320251	237.177091	0.002656	0.4
30	-0.137925	2.320251	227.006657	0.002562	0.5
31	-0.155748	3.244388	218.353720	0.003584	0.4
32	-0.170740	2.788448	222.538780	0.001895	0.5
33	-0.162021	2.292968	227.272547	0.002730	0.7
34	-0.160121	1.855429	231.623404	0.006041	0.5
35	-0.163705	2.855429	221.913941	0.002506	0.5
36	-0.172479	3.854976	212.989633	0.002881	0.4
37	-0.143138	4.631449	206.537380	0.003222	0.5
38	-0.146366	4.140675	210.569221	0.006527	0.5
39	-0.168307	3.642344	214.827462	0.002475	0.4
40	-0.170222	3.164042	219.079746	0.002273	0.4
41	-0.164403	2.667671	223.674406	0.001899	0.4
42	-0.171302	2.980478	220.756749	0.003735	0.4
43	-0.181565	3.004501	220.535821	0.002022	0.5
44	-0.180388	3.314268	217.726165	0.004567	0.5
45	-0.158791	2.828097	222.168492	0.005739	0.6
46	-0.175035	3.827814	213.222652	0.001693	0.5
47	-0.143299	3.329497	217.589879	0.003084	0.5
48	-0.151143	3.754831	213.851282	0.004448	0.4
49	-0.173057	4.754770	205.548419	0.001557	0.4
50	-0.140745	5.726028	198.078526	0.002531	0.4
51	-0.166648	5.241021	201.739573	0.002944	0.6
52	-0.152468	4.777572	205.366601	0.003240	0.4
53	-0.180980	5.776622	197.704262	0.003685	0.5
54	-0.149445	5.280423	201.437100	0.004272	0.6
55	-0.174786	5.093914	202.876895	0.006929	0.4
56	-0.153598	6.086733	195.440782	0.002196	0.7
57	-0.165017	5.588526	199.102890	0.002482	0.5
58	-0.163196	5.117979	202.689962	0.003447	0.5
59	-0.146030	4.619745	206.631731	0.004594	0.7
60	-0.165210	4.121410	210.730700	0.004096	0.4
61	-0.177457	3.623075	214.995583	0.003903	0.6
62	-0.162526	3.124739	219.436662	0.002106	0.6
63	-0.181489	4.122265	210.723523	0.003290	0.5
64	-0.160405	4.394916	208.461106	0.005351	0.5
65	-0.147033	5.298427	201.299200	0.003942	0.4
66	-0.140859	4.800091	205.187345	0.002350	0.5
67	-0.153667	4.389957	208.501823	0.004040	0.4
68	-0.168530	5.389810	200.602135	0.001539	0.4
69	-0.159604	6.387537	193.294209	0.000846	0.4
70	-0.171619	6.772733	190.613301	0.004002	0.4
71	-0.191190	7.697684	184.469668	0.003590	0.5
72	-0.150761	7.372817	186.581836	0.001242	0.4
73	-0.158038	7.680398	184.580849	0.002331	0.5
74	-0.182109	7.464209	185.982768	0.001660	0.5
75	-0.188853	8.268365	180.872842	0.003868	0.5
76	-0.158731	9.264604	174.918933	0.002813	0.5
77	-0.158551	10.233350	169.493581	0.004551	0.4
78	-0.154546	11.231285	164.245771	0.003198	0.5
79	-0.173886	12.231282	159.303280	0.003389	0.5
80	-0.141406	13.006500	155.671779	0.004052	0.5
81	-0.163509	13.987987	151.304854	0.001578	0.5
82	-0.152937	14.916903	147.391670	0.002330	0.4
83	-0.171752	14.559309	148.873878	0.002939	0.4
84	-0.155176	15.414973	145.375701	0.005454	0.4
85	-0.190194	14.916640	147.392747	0.003546	0.4
86	-0.181093	15.916579	143.400401	0.001319	0.4
87	-0.155169	16.430434	141.431761	0.003281	0.5
88	-0.169913	17.007683	139.283739	0.004438	0.7
89	-0.157034	16.509374	141.134114	0.001871	0.4
90	-0.158269	17.507999	137.474094	0.002683	0.4
91	-0.145992	17.014761	139.257806	0.002321	0.4
92	-0.159275	16.519842	141.094738	0.002206	0.4
93	-0.164594	16.034299	142.944579	0.003686	0.4
94	-0.169425	16.729101	140.312177	0.005495	0.8
95	-0.180001	17.729101	136.689264	0.003230	0.5
96	-0.173876	18.729101	133.248731	0.004134	0.4
97	-0.155658	18.230780	134.941297	0.002788	0.4
98	-0.177567	17.732648	136.676746	0.002233	0.4
99	-0.163255	18.731421	133.240950	0.003657	0.5
100	-0.152060	18.233719	134.931186	0.001796	0.4
101	-0.152527	19.227720	131.597126	0.002261	0.4
102	-0.168506	18.801556	133.006163	0.001184	0.4
103	-0.189344	18.534137	133.905852	0.002701	0.6
104	-0.178388	18.588071	133.723421	0.003212	0.4
105	-0.149480	18.090964	135.423939	0.002400	0.5
106	-0.186041	18.956151	132.491547	0.004094	0.5
107	-0.170093	18.476159	134.102518	0.002287	0.5
108	-0.180237	17.978700	135.813978	0.004876	0.4
109	-0.150530	17.482029	137.566868	0.002165	0.4
110	-0.161612	18.479156	134.092338	0.003474	0.4
111	-0.168531	18.064868	135.514404	0.003749	0.5
112	-0.150409	19.064867	132.132031	0.002358	0.4
113	-0.158646	18.737764	133.219682	0.002149	0.4
114	-0.177754	18.268080	134.813118	0.002504	0.4
115	-0.156870	17.777114	136.520018	0.001909	0.4
116	-0.163721	18.638845	133.552133	0.003309	0.4
117	-0.163797	19.501044	130.709031	0.002403	0.4
118	-0.197815	20.498740	127.566577	0.003150	0.4
119	-0.160765	21.484389	124.607001	0.003017	0.6
120	-0.192572	22.484363	121.741516	0.003442	0.4
121	-0.151990	21.988874	123.144705	0.002892	0.7
122	-0.167969	22.060608	122.939561	0.002141	0.4
123	-0.175815	22.013969	123.072861	0.002779	0.5
124	-0.167592	21.524797	124.488595	0.002446	0.7
125	-0.179487	21.861168	123.511620	0.001521	0.4
126	-0.165014	21.399250	124.857214	0.003482	0.8
127	-0.156305	20.911333	126.310760	0.003040	0.5
128	-0.187607	21.911291	123.367351	0.002524	0.8
129	-0.146015	22.909454	120.562928	0.004170	0.5
130	-0.176555	22.411138	121.946866	0.002804	0.5
131	-0.164571	23.411132	119.201022	0.003155	0.4
132	-0.174631	22.937999	120.484601	0.003953	0.4
133	-0.150625	22.439665	121.866784	0.001579	0.4
134	-0.183042	23.408023	119.209366	0.002037	0.5
135	-0.162537	23.045219	120.191304	0.002468	0.4
136	-0.181808	22.846490	120.736056	0.003810	0.4
137	-0.185519	22.348440	122.123246	0.001659	0.5
138	-0.167046	21.866201	123.497117	0.002128	0.5
139	-0.184250	21.378282	124.918993	0.003120	0.4
140	-0.164790	21.926202	123.324496	0.001764	0.4
141	-0.192021	21.477503	124.627200	0.003126	0.4
142	-0.180252	21.724026	123.908086	0.003698	0.5
143	-0.168051	21.225700	125.370385	0.002361	0.4
144	-0.175890	21.437338	124.745154	0.004218	0.4
145	-0.146728	22.197123	122.551039	0.002701	0.4
146	-0.169535	21.698895	123.981014	0.001620	0.4
147	-0.164873	22.456384	121.819898	0.001780	0.4
148	-0.188231	22.954759	120.438661	0.002432	0.4
149	-0.155208	22.498706	121.701374	0.004741	0.4
150	-0.179096	22.002049	123.106977	0.002670	0.5
151	-0.147917	21.919918	123.342554	0.007317	0.5
152	-0.177107	22.875284	120.656821	0.002815	0.4
153	-0.186130	23.875284	117.968107	0.001408	0.4
154	-0.172615	23.580928	118.747018	0.001727	0.4
155	-0.153259	23.504769	118.950224	0.001204	0.5
156	-0.165431	23.201981	119.765045	0.002646	0.7
157	-0.164926	24.025635	117.574184	0.003331	0.5
158	-0.163177	23.528128	118.887825	0.002921	0.4
159	-0.175589	23.029797	120.233402	0.004005	0.7
160	-0.160118	24.029772	117.563383	0.002765	0.5
161	-0.162404	25.029745	115.009375	0.001387	0.4
162	-0.153431	25.544994	113.736234	0.001108	0.4
163	-0.145338	25.300800	114.336086	0.004813	0.4
164	-0.159128	25.024983	115.021276	0.001706	0.4
165	-0.172404	24.527125	116.279081	0.003611	0.4
166	-0.172186	24.033287	117.554205	0.002708	0.4
167	-0.187677	25.028102	115.013481	0.002314	0.4
168	-0.150204	24.573863	116.159831	0.002164	0.4
169	-0.180706	25.369499	114.166692	0.006404	0.4
170	-0.159589	26.369499	111.756561	0.002385	0.4
171	-0.152385	25.872676	112.941116	0.002964	0.4
172	-0.142270	25.374944	114.153288	0.001408	0.4
173	-0.166047	25.880000	112.923470	0.002033	0.5
174	-0.147054	25.560167	113.699167	0.003653	0.5
175	-0.174213	25.061939	114.928993	0.003032	0.4
176	-0.157451	25.632680	113.522369	0.002049	0.4
177	-0.168985	25.143707	114.725334	0.002546	0.4
178	-0.160243	24.661049	115.938035	0.004512	0.4
179	-0.161452	25.656754	113.463793	0.003041	0.4
180	-0.182268	25.158420	114.688766	0.002557	0.5
181	-0.166097	24.661729	115.936307	0.004099	0.5
182	-0.190957	24.171230	117.195222	0.002678	0.5
183	-0.159697	25.171203	114.657013	0.002381	0.5
184	-0.164886	24.679521	115.891151	0.004018	0.5
185	-0.168437	25.679237	113.409143	0.004273	0.5
186	-0.170368	25.180902	114.632935	0.003048	0.7
187	-0.169248	26.178325	112.209417	0.003480	0.6
188	-0.202160	25.680026	113.407227	0.002799	0.5
189	-0.166134	26.666658	111.059858	0.002835	0.4
190	-0.192966	27.535266	109.072283	0.003345	0.5
191	-0.180583	28.534972	106.871007	0.002939	0.5
192	-0.171661	28.036654	107.957045	0.001156	0.6
193	-0.145613	28.936207	106.012303	0.002316	0.5
194	-0.164019	29.424616	104.985476	0.005195	0.5
195	-0.143440	28.926297	106.033345	0.001854	0.6
196	-0.178694	29.919487	103.965154	0.004074	0.5
197	-0.171018	29.425461	104.983716	0.003136	0.4
198	-0.150874	30.296906	103.200225	0.003329	0.4
199	-0.182400	30.114889	103.567716	0.002907	0.4
200	-0.172063	31.104110	101.601433	0.004011	0.4
201	-0.175807	31.501630	100.832151	0.002459	0.4
202	-0.167786	32.501550	98.947644	0.003481	0.4
203	-0.166594	32.004022	99.876425	0.003168	0.4
204	-0.160319	31.505689	100.824356	0.005589	0.5
205	-0.165125	32.505689	98.939989	0.001436	0.5
206	-0.180664	32.919372	98.180896	0.002153	0.4
207	-0.167914	33.548569	97.048417	0.001812	0.4
208	-0.159195	33.118577	97.819502	0.002343	0.4
209	-0.178188	34.095980	96.084185	0.004095	0.5
210	-0.163385	33.597699	96.961087	0.002240	0.4
211	-0.157920	33.344044	97.413662	0.003751	0.5
212	-0.173410	32.845761	98.315116	0.002722	0.4
213	-0.192820	32.347515	99.233343	0.001572	0.6
214	-0.184026	32.715778	98.553023	0.003215	0.4
215	-0.162027	32.887717	98.238571	0.002539	0.5
216	-0.192137	33.875675	96.469926	0.002493	0.5
217	-0.180346	34.873038	94.747887	0.002544	0.5
218	-0.162380	35.600446	93.530223	0.003756	0.8
219	-0.180789	36.567363	91.959262	0.002957	0.5
220	-0.164100	37.567346	90.389144	0.002736	0.5
221	-0.178264	37.070124	91.163095	0.001009	0.5
222	-0.160570	37.308572	90.790291	0.002429	0.5
223	-0.155176	37.410631	90.631657	0.002813	0.6
224	-0.151942	37.239335	90.898226	0.001850	0.6
225	-0.192365	37.875288	89.916372	0.001274	0.5
226	-0.160029	37.549381	90.416879	0.003905	0.5
227	-0.189993	38.506947	88.961921	0.001823	0.5
228	-0.170715	39.479688	87.531078	0.003217	0.5
229	-0.165248	38.985278	88.252526	0.002546	0.5
230	-0.155358	39.885975	86.946991	0.002767	0.5
231	-0.165518	39.387997	87.663982	0.007107	0.5
232	-0.141156	40.387997	86.235951	0.001133	0.5
233	-0.183175	41.381177	84.862975	0.003462	0.5
234	-0.176651	41.252412	85.038508	0.004460	0.5
235	-0.165926	40.754077	85.724741	0.003226	0.6
236	-0.174603	40.255742	86.422140	0.002696	0.6
237	-0.171398	39.945541	86.862012	0.003683	0.5
238	-0.156203	39.447207	87.578112	0.002462	0.5
239	-0.175098	38.949149	88.305712	0.001381	0.5
240	-0.176697	39.214332	87.916814	0.006636	0.5
241	-0.177135	40.206328	86.491911	0.002195	0.4
242	-0.195947	39.874780	86.962980	0.002035	0.4
243	-0.164137	39.413679	87.626715	0.001954	0.5
244	-0.162357	39.020434	88.200832	0.001351	0.5
245	-0.170827	39.572830	87.396482	0.003318	0.5
246	-0.156633	39.188071	87.955174	0.003792	0.5
247	-0.153032	40.188070	86.517719	0.002327	0.4
248	-0.152555	41.186556	85.128565	0.003000	0.4
249	-0.160803	41.972825	84.065663	0.003323	0.5
250	-0.157301	41.474755	84.735863	0.002998	0.5
251	-0.149391	42.392843	83.508674	0.005992	0.4
252	-0.177051	43.391866	82.213059	0.002510	0.4
253	-0.145564	44.391865	80.955823	0.002449	0.4
254	-0.154026	43.897919	81.571988	0.002221	0.4
255	-0.173024	44.861462	80.378603	0.002681	0.6
256	-0.165252	45.856284	79.182568	0.002203	0.5
257	-0.167693	46.060126	78.941878	0.001505	0.4
258	-0.180940	45.733877	79.327809	0.001987	0.5
259	-0.174132	46.363018	78.586922	0.003775	0.4
260	-0.170927	45.864936	79.172322	0.003144	0.4
261	-0.159820	46.152421	78.833379	0.003207	0.4
262	-0.163121	47.149836	77.679604	0.005214	0.7
263	-0.165483	48.149836	76.556252	0.003868	0.7
264	-0.170780	47.651501	77.111966	0.002305	0.5
265	-0.177859	47.155642	77.672986	0.002085	0.5
266	-0.151400	46.661789	78.239910	0.002025	0.5
267	-0.142423	46.224023	78.749412	0.002693	0.4
268	-0.155074	45.745778	79.313665	0.005785	0.4
269	-0.162586	46.745125	78.143664	0.004138	0.5
270	-0.170504	46.246789	78.722751	0.003296	0.5
271	-0.190785	45.748455	79.310484	0.001273	0.4
272	-0.174132	45.604290	79.482152	0.002850	0.4
273	-0.153477	45.208290	79.957544	0.003823	0.5
274	-0.172254	46.208230	78.767917	0.005014	0.5
275	-0.159240	47.208230	77.613102	0.005230	0.4
276	-0.148343	48.208230	76.491658	0.004614	0.4
277	-0.161448	49.208230	75.402161	0.002549	0.4
278	-0.180948	49.102613	75.515762	0.002776	0.5
279	-0.179326	49.464837	75.127575	0.002628	0.5
280	-0.146950	48.970500	75.658346	0.001692	0.5
281	-0.158146	48.562131	76.102503	0.002045	0.8
282	-0.152123	48.186432	76.515758	0.004816	0.5
283	-0.165989	49.185758	75.426304	0.004259	0.4
284	-0.147082	48.687422	75.965678	0.003414	0.5
285	-0.170293	49.687422	74.891007	0.002921	1.0
286	-0.159377	50.685604	73.848193	0.001537	0.6
287	-0.173200	50.315578	74.231359	0.004096	0.6
288	-0.168417	50.517715	74.021552	0.003978	0.4
289	-0.172965	50.019380	74.540953	0.001909	0.5
290	-0.145787	51.017254	73.508110	0.002570	0.5
291	-0.171051	50.655515	73.879202	0.002700	0.4
292	-0.169662	51.461244	73.057706	0.004575	0.4
293	-0.159433	52.460506	72.063923	0.002178	0.5
294	-0.192884	52.008651	72.509932	0.001523	0.5
295	-0.177119	52.185338	72.334875	0.006730	0.5
296	-0.145051	53.147804	71.395941	0.002746	0.5
297	-0.145830	54.147804	70.445868	0.001668	0.5
298	-0.173798	55.012007	69.644948	0.002619	0.5
299	-0.150207	55.503682	69.197353	0.002150	0.6
300	-0.159136	55.996686	68.754287	0.004131	0.5
301	-0.187012	56.969844	67.896151	0.002566	0.7
302	-0.179020	56.478791	68.326470	0.004260	0.5
303	-0.174531	55.980904	68.768383	0.003816	0.5
304	-0.177701	56.980653	67.886740	0.004042	0.5
305	-0.141228	57.924752	67.074677	0.003960	0.4
306	-0.189550	57.428841	67.498795	0.003042	0.5
307	-0.161870	56.930506	67.930424	0.001951	0.5
308	-0.168940	57.884994	67.108483	0.005465	0.5
309	-0.167791	58.403418	66.670333	0.003672	0.5
310	-0.175140	57.905180	67.091315	0.004840	0.5
311	-0.156457	58.901134	66.255033	0.004069	0.6
312	-0.166771	59.901134	65.436070	0.001609	0.5
313	-0.159766	60.554154	64.912111	0.006553	0.7
314	-0.163264	60.101161	65.274679	0.002777	0.5
315	-0.159534	61.101159	64.479629	0.003114	1.0
316	-0.150239	60.793160	64.722433	0.001168	0.6
317	-0.141830	60.310407	65.106700	0.001592	0.6
318	-0.170602	60.291211	65.122074	0.005308	0.5
319	-0.174273	59.797508	65.519995	0.002858	0.5
320	-0.146451	60.797508	64.718992	0.004493	0.5
321	-0.176876	60.299175	65.115695	0.004294	0.5
322	-0.153312	61.299175	64.324488	0.002210	0.4
323	-0.177528	60.886604	64.648575	0.003527	0.5
324	-0.185730	60.388504	65.044226	0.002184	0.5
325	-0.164485	60.004162	65.352843	0.007542	0.5
326	-0.150547	61.004161	64.555898	0.002869	0.5
327	-0.164366	60.505955	64.950497	0.003509	0.6
328	-0.153085	60.285700	65.126489	0.003123	0.7
329	-0.185903	61.284363	64.336067	0.004257	0.5
330	-0.158224	61.673937	64.032904	0.002298	0.5
331	-0.135326	62.549076	63.362188	0.002460	0.5
332	-0.184787	62.070511	63.727215	0.002500	0.5
333	-0.172583	62.881485	63.111094	0.001789	0.5
334	-0.154444	63.716401	62.489107	0.002912	0.5
335	-0.165718	63.298751	62.798704	0.003431	0.6
336	-0.168014	62.800420	63.172145	0.002763	0.4
337	-0.134999	63.694760	62.505074	0.002253	0.4
338	-0.165191	64.310376	62.054026	0.004100	0.4
339	-0.179839	65.245610	61.381121	0.001536	0.4
340	-0.142049	64.747882	61.737411	0.004122	0.4
341	-0.161278	64.352239	62.023590	0.001257	0.4
342	-0.166582	65.327672	61.322774	0.002954	0.5
343	-0.173497	65.193549	61.418196	0.004786	0.5
344	-0.174574	66.193549	60.713806	0.002425	0.5
345	-0.172825	67.134371	60.065695	0.002328	0.5
346	-0.153180	67.656746	59.711782	0.003691	0.7
347	-0.174462	68.450826	59.181704	0.002929	0.5
348	-0.153451	69.424520	58.544433	0.005097	0.5
349	-0.178292	68.926188	58.868861	0.003072	0.5
350	-0.166144	68.427853	59.196907	0.003822	0.5
351	-0.179981	69.427710	58.542368	0.001826	0.4
352	-0.187681	69.056223	58.783858	0.001606	0.5
353	-0.186736	68.782566	58.963031	0.004555	0.5
354	-0.156544	69.285846	58.634354	0.001718	0.5
355	-0.166419	68.885340	58.895614	0.004464	0.4
356	-0.153666	68.798094	58.952836	0.003398	0.5
357	-0.154599	69.798094	58.303562	0.006813	0.7
358	-0.178828	69.299758	58.625321	0.001996	0.6
359	-0.165009	70.299758	57.983202	0.002841	0.5
360	-0.149975	70.707701	57.725275	0.002483	0.6
361	-0.192730	70.614846	57.783782	0.002885	0.5
362	-0.187470	71.324939	57.339353	0.002306	0.5
363	-0.169243	70.832901	57.646575	0.001498	0.5
364	-0.156176	70.401291	57.918791	0.002848	0.6
365	-0.180057	70.648409	57.762621	0.004648	0.6
366	-0.148850	70.150073	58.078420	0.002137	0.4
367	-0.172421	71.091113	57.484942	0.002716	0.5
368	-0.172719	72.082156	56.872902	0.003646	0.6
369	-0.176415	71.589499	57.175515	0.002013	0.5
370	-0.159378	71.162115	57.440656	0.001900	0.5
371	-0.161667	70.862141	57.628227	0.004091	0.5
372	-0.178211	71.139197	57.454943	0.002643	0.5
373	-0.137471	70.949415	57.573528	0.003774	0.5
374	-0.182380	71.949381	56.954142	0.002772	0.5
375	-0.179768	71.451980	57.260562	0.003310	0.6
376	-0.185535	70.954049	57.570627	0.001759	0.7
377	-0.172135	70.466238	57.877665	0.003887	0.6
378	-0.168415	70.460441	57.881333	0.001959	0.5
379	-0.173963	70.039272	58.149106	0.003777	0.5
380	-0.166066	69.571539	58.449402	0.001454	0.5
381	-0.138273	69.074622	58.771851	0.002122	0.5
382	-0.178184	68.599059	59.083793	0.002254	0.5
383	-0.172166	69.333162	58.603642	0.002328	0.5
384	-0.169417	69.046932	58.789924	0.002450	0.6
385	-0.148744	69.065309	58.777928	0.004869	0.5
386	-0.170643	68.566975	59.104958	0.002006	0.5
387	-0.188555	68.069319	59.435194	0.001430	0.5
388	-0.164086	67.716971	59.671247	0.002700	0.5
389	-0.171631	68.590312	59.089561	0.004219	0.5
390	-0.182837	68.092710	59.419590	0.004281	0.5
391	-0.147100	67.599468	59.750385	0.002606	0.5
392	-0.167794	68.599423	59.083553	0.002459	0.5
393	-0.182472	68.102429	59.413109	0.003457	0.5
394	-0.170215	68.994388	58.824249	0.002857	0.5
395	-0.159831	68.496352	59.151598	0.003859	0.4
396	-0.172830	69.496250	58.498029	0.002268	0.4
397	-0.180802	70.494606	57.859720	0.005421	0.5
398	-0.192276	69.996312	58.176559	0.001265	0.4
399	-0.172091	70.978815	57.555126	0.001771	0.5
400	-0.203373	70.739658	57.705167	0.004341	0.5
401	-0.165225	70.248834	58.015561	0.004175	0.5
402	-0.166257	71.248834	57.386658	0.003168	0.5
403	-0.153142	72.248830	56.771246	0.001408	0.4
404	-0.168586	72.858558	56.402446	0.001267	0.4
405	-0.166232	73.493946	56.023190	0.003852	0.5
406	-0.175429	74.457127	55.457905	0.002542	0.8
407	-0.177628	75.457069	54.882989	0.003616	0.8
408	-0.153947	74.958751	55.167999	0.001881	0.6
409	-0.160963	75.957426	54.599761	0.003995	0.5
410	-0.151459	75.459178	54.881789	0.001421	0.7
411	-0.171916	74.979365	55.156150	0.003830	0.7
412	-0.160464	74.484026	55.442282	0.001909	0.7
413	-0.184755	73.986379	55.732752	0.003003	0.7
414	-0.179634	74.959618	55.167501	0.001788	0.7
415	-0.202081	75.818090	54.678338	0.002093	0.9
416	-0.171509	75.361396	54.937480	0.002018	0.7
417	-0.177517	74.954234	55.170596	0.002261	0.7
418	-0.184593	75.704667	54.742469	0.004186	0.6
419	-0.162501	76.013294	54.568318	0.002608	0.6
420	-0.179056	75.528936	54.842128	0.001360	0.7
421	-0.163047	76.331815	54.389742	0.003036	0.8
422	-0.192986	75.888183	54.638781	0.003616	0.8
423	-0.154086	76.888155	54.080622	0.002703	0.8
424	-0.138226	77.529685	53.728501	0.003264	0.8
425	-0.150970	78.522349	53.192598	0.001970	0.8
426	-0.177355	78.026446	53.458975	0.002440	0.8
427	-0.180457	77.556051	53.714128	0.001436	0.8
428	-0.169883	78.474817	53.218015	0.002974	1.4
429	-0.172337	79.366658	52.745129	0.002655	1.1
430	-0.172297	80.301580	52.258338	0.005755	1.0
431	-0.170706	81.301502	51.747552	0.001804	0.8
432	-0.176120	81.921406	51.435872	0.002734	0.8
433	-0.157945	82.783358	51.008682	0.002554	1.0
434	-0.185464	83.773829	50.526475	0.004024	0.8
435	-0.187367	84.773200	50.049089	0.001578	0.7
436	-0.168701	84.431383	50.211352	0.002348	0.7
437	-0.162801	85.165553	49.864124	0.003610	0.7
438	-0.167156	85.274729	49.812898	0.001308	0.8
439	-0.145311	86.188968	49.388033	0.001211	0.7
440	-0.157371	86.077801	49.439307	0.000771	0.7
441	-0.146538	86.254855	49.357693	0.002988	0.7
442	-0.158035	86.161904	49.400506	0.001662	0.6
443	-0.165252	86.185348	49.389701	0.001501	0.6
444	-0.154260	85.791768	49.571726	0.006093	0.7
445	-0.193284	85.530638	49.693237	0.000742	0.7
446	-0.163018	86.340814	49.318168	0.001553	0.4
447	-0.180381	86.515277	49.238140	0.001580	0.5
448	-0.154404	86.582219	49.207502	0.001975	0.6
449	-0.155952	87.310440	48.876657	0.002748	0.6
450	-0.163139	86.817241	49.100239	0.001441	0.6
451	-0.171046	87.149922	48.949201	0.002703	0.5
452	-0.148562	86.739818	49.135523	0.003487	0.6
453	-0.168379	86.242113	49.363558	0.004340	0.7
454	-0.175755	85.743778	49.594013	0.002152	0.7
455	-0.160274	85.324564	49.789551	0.001702	0.7
456	-0.158124	85.850472	49.544491	0.004627	0.7
457	-0.166919	86.092397	49.432569	0.003232	0.5
458	-0.172686	87.092117	48.975378	0.003543	0.7
459	-0.160781	88.091317	48.526798	0.002784	0.7
460	-0.156650	87.597835	48.747309	0.001612	0.5
461	-0.159454	87.109132	48.967670	0.002274	0.5
462	-0.173858	87.340018	48.863314	0.001777	0.5
463	-0.161697	88.172710	48.490619	0.002873	0.4
464	-0.148082	88.977356	48.135839	0.002795	0.4
465	-0.164677	89.976519	47.702454	0.002641	0.4
466	-0.172395	90.637380	47.420069	0.003558	0.4
467	-0.175766	91.637045	46.999211	0.002699	0.5
468	-0.188909	92.435694	46.668311	0.004946	0.5
469	-0.163422	91.937373	46.874229	0.004755	0.4
470	-0.153466	91.439038	47.081978	0.001901	1.5
471	-0.162848	92.347099	46.704788	0.004385	0.4
472	-0.157665	93.187856	46.360904	0.003337	0.4
473	-0.173242	94.187855	45.958424	0.002971	0.8
474	-0.172164	95.162292	45.572898	0.004688	0.4
475	-0.160894	94.663958	45.769247	0.002480	0.6
476	-0.187075	94.170190	45.965473	0.002908	0.6
477	-0.169333	93.821622	46.105012	0.002386	0.5
478	-0.178278	93.336502	46.300632	0.001650	0.5
479	-0.154399	93.826678	46.102982	0.005049	0.5
480	-0.166649	93.886665	46.078910	0.002693	0.5
481	-0.190316	94.724373	45.745353	0.003021	0.4
482	-0.185076	95.720758	45.354848	0.003496	0.4
483	-0.147976	95.240478	45.542245	0.001839	0.4
484	-0.163693	94.750363	45.735081	0.001784	0.4
485	-0.153101	94.982259	45.643638	0.001239	0.5
486	-0.179203	94.866819	45.689114	0.005708	0.4
487	-0.164727	94.395776	45.875616	0.003480	0.5
488	-0.167366	93.897441	46.074588	0.002721	0.5
489	-0.159589	94.895924	45.677640	0.002406	0.4
490	-0.174937	94.576500	45.803881	0.003088	0.4
491	-0.176197	94.083212	46.000213	0.002681	0.4
492	-0.171689	95.083019	45.604020	0.005642	0.4
493	-0.178040	94.584683	45.800638	0.007026	0.4
494	-0.147864	94.086373	45.998950	0.001787	0.5
495	-0.159812	95.084442	45.603461	0.002697	0.4
496	-0.173701	95.505912	45.438486	0.001945	0.4
497	-0.162809	95.062432	45.612109	0.001489	0.4
498	-0.171850	94.996644	45.637978	0.003918	0.5
499	-0.163637	95.324287	45.509433	0.001585	0.4
500	-0.160105	96.316126	45.124677	0.003301	0.4
501	-0.179673	95.862040	45.300016	0.003880	0.4
502	-0.149456	95.363717	45.494011	0.000706	0.4
503	-0.177089	95.144877	45.579731	0.002961	0.5
504	-0.167262	95.102427	45.596396	0.002964	0.5
505	-0.160890	94.628899	45.783124	0.002225	0.4
506	-0.170395	94.170252	45.965448	0.003510	0.9
507	-0.166353	93.672298	46.165049	0.002498	0.5
508	-0.160123	94.672150	45.766006	0.002641	0.6
509	-0.148428	94.174707	45.963670	0.002398	0.5
510	-0.174978	95.166864	45.571104	0.002169	0.5
511	-0.172038	94.683409	45.761551	0.001627	0.5
512	-0.172925	94.462496	45.849107	0.006780	0.4
513	-0.177087	94.752152	45.734374	0.002424	0.4
514	-0.168566	95.752150	45.342653	0.001643	0.4
515	-0.150068	96.621391	45.007564	0.004320	0.6
516	-0.181580	96.123534	45.198878	0.002003	0.4
517	-0.214085	95.625270	45.391983	0.002153	0.4
518	-0.153306	96.546148	45.036374	0.005870	0.4
519	-0.170139	97.546139	44.656471	0.001773	0.5
520	-0.145086	97.840055	44.546027	0.001244	0.5
521	-0.167896	98.526667	44.290136	0.003545	0.5
522	-0.167710	98.572177	44.273278	0.002374	0.5
523	-0.168453	98.073877	44.458553	0.002550	0.4
524	-0.161924	97.576381	44.645082	0.002056	0.5
525	-0.168821	98.433586	44.324653	0.003064	0.5
526	-0.163407	97.943342	44.507344	0.002744	0.4
527	-0.182823	98.942996	44.136402	0.005242	0.5
528	-0.151754	98.444661	44.320543	0.002382	0.5
529	-0.178131	99.444654	43.952571	0.003830	0.5
530	-0.148766	100.444484	43.590718	0.005820	0.5
531	-0.164066	101.444484	43.234714	0.001582	0.4
532	-0.162174	102.444122	42.884604	0.002269	0.4
533	-0.186397	101.999879	43.039492	0.004297	0.5
534	-0.165716	101.501619	43.214549	0.002159	0.4
535	-0.169370	102.501138	42.864806	0.002362	0.4
536	-0.182996	102.006849	43.037053	0.002561	0.5
537	-0.151138	102.600171	42.830461	0.001986	0.9
538	-0.186613	103.592749	42.489248	0.002017	0.4
539	-0.186503	103.662286	42.465548	0.002681	0.9
540	-0.177018	104.607309	42.146053	0.002899	0.6
541	-0.175592	105.132270	41.970641	0.004757	0.5
542	-0.171273	104.633935	42.137121	0.005167	0.5
543	-0.179031	104.135600	42.304926	0.002504	0.4
544	-0.168965	105.134075	41.970041	0.003071	0.4
545	-0.158072	104.636078	42.136402	0.001821	0.4
546	-0.174882	105.331761	41.904366	0.005097	0.5
547	-0.173619	104.847976	42.065454	0.002938	0.4
548	-0.170074	105.847718	41.733918	0.003367	0.5
549	-0.156985	106.794488	41.424731	0.001102	0.4
550	-0.169386	106.362723	41.565163	0.002158	0.5
551	-0.150878	105.944208	41.702196	0.002620	0.5
552	-0.174997	105.451603	41.864651	0.002500	0.5
553	-0.168448	106.409459	41.549916	0.002763	0.4
554	-0.150195	105.919696	41.710250	0.001883	0.4
555	-0.162976	105.478380	41.855788	0.001687	0.4
556	-0.185262	105.404797	41.880153	0.004041	0.4
557	-0.182502	106.135161	41.639561	0.003980	0.5
558	-0.150586	107.131821	41.315672	0.001208	0.4
559	-0.179107	107.215345	41.288757	0.001717	0.4
560	-0.174200	106.815333	41.417975	0.000872	0.4
561	-0.188601	107.170040	41.303352	0.006031	0.5
562	-0.175580	106.970918	41.367620	0.003300	0.4
563	-0.166544	106.472585	41.529340	0.002660	0.4
564	-0.171653	107.472524	41.206105	0.003580	0.4
565	-0.184054	106.974195	41.366560	0.002297	0.4
566	-0.147056	106.508774	41.517553	0.002791	0.4
567	-0.200481	106.011333	41.680157	0.002903	0.5
568	-0.170186	105.513589	41.844140	0.001792	0.5
569	-0.144907	105.951342	41.699853	0.001543	0.4
570	-0.170495	105.535103	41.837025	0.002243	0.4
571	-0.192787	106.445455	41.538180	0.003676	0.4
572	-0.172301	105.948113	41.700914	0.002803	0.4
573	-0.170927	106.947451	41.375207	0.004634	0.5
574	-0.145193	106.449181	41.536966	0.002614	0.6
575	-0.174861	107.435345	41.218033	0.005318	0.5
576	-0.174129	108.434996	40.899698	0.002646	0.4
577	-0.184625	107.936661	41.057774	0.003223	0.4
578	-0.163750	107.448049	41.213956	0.003465	0.4
579	-0.159724	106.957992	41.371799	0.002514	0.4
580	-0.156771	106.459956	41.533454	0.003171	0.4
581	-0.162435	105.961782	41.696424	0.003115	0.4
582	-0.156790	106.274622	41.593934	0.002774	0.5
583	-0.195205	106.750921	41.438858	0.003292	0.5
584	-0.162281	106.252689	41.601104	0.002797	0.4
585	-0.169610	105.757219	41.763714	0.005465	0.5
586	-0.160581	106.741902	41.441784	0.002219	0.5
587	-0.164007	106.782189	41.428718	0.002729	0.4
588	-0.171199	107.775508	41.109155	0.001856	0.5
589	-0.180390	107.576104	41.172909	0.003195	0.5
590	-0.163636	108.465047	40.890205	0.005970	0.4
591	-0.175777	107.966712	41.048207	0.001346	0.5
592	-0.160227	108.966295	40.732501	0.002576	0.4
593	-0.143552	108.521568	40.872361	0.001122	0.5
594	-0.167204	108.269954	40.951916	0.002897	0.5
595	-0.176508	107.928487	41.060377	0.003054	0.4
596	-0.156473	108.927954	40.744521	0.001888	0.4
597	-0.164072	108.532130	40.869028	0.002515	0.4
598	-0.167130	108.258619	40.955507	0.003349	0.5
599	-0.177458	108.995101	40.723475	0.000860	0.5
600	-0.165064	109.154943	40.673463	0.002876	0.5
601	-0.184968	108.911289	40.749748	0.003214	0.5
602	-0.177927	108.412961	40.906662	0.002673	0.5
603	-0.154466	109.412665	40.593084	0.003421	0.6
604	-0.152315	110.411476	40.284551	0.000555	0.5
605	-0.169733	110.321406	40.312181	0.002165	0.4
606	-0.162034	110.412565	40.284217	0.002402	0.4
607	-0.185774	110.991906	40.107401	0.005393	0.6
608	-0.153432	110.496866	40.258391	0.002600	0.5
609	-0.184083	111.496865	39.954548	0.003384	0.5
610	-0.162328	111.667572	39.903137	0.001845	0.5
611	-0.183115	111.928164	39.824911	0.003641	0.5
612	-0.193852	111.588229	39.927016	0.003548	0.5
613	-0.176905	112.587357	39.628393	0.003776	0.5
614	-0.167956	113.586231	39.334278	0.002393	0.4
615	-0.188424	113.183785	39.452250	0.003520	0.4
616	-0.164828	113.971609	39.221969	0.004514	0.5
617	-0.166478	113.473273	39.367319	0.001582	0.4
618	-0.153547	113.172719	39.455504	0.005822	0.6
619	-0.155967	113.172970	39.455430	0.000953	0.5
620	-0.156332	114.115387	39.180232	0.001752	0.8
621	-0.157325	114.430737	39.089001	0.004799	0.5
622	-0.188494	115.430632	38.802519	0.003523	0.7
623	-0.155632	116.430632	38.520177	0.003829	0.4
624	-0.159814	117.430631	38.241914	0.002738	0.4
625	-0.173781	116.938152	38.378449	0.001945	0.5
626	-0.171996	117.746171	38.154943	0.002965	0.5
627	-0.155574	117.250533	38.291731	0.002954	0.6
628	-0.172919	116.752204	38.430255	0.004480	0.5
629	-0.165871	116.253869	38.569785	0.001972	0.5
630	-0.166883	116.015323	38.636936	0.002511	0.5
631	-0.156826	116.748695	38.431234	0.003517	0.8
632	-0.182865	116.250839	38.570637	0.001484	0.4
633	-0.189674	117.233030	38.296580	0.002588	0.4
634	-0.152675	116.828489	38.408984	0.002769	0.5
635	-0.160772	117.651303	38.181050	0.002718	0.4
636	-0.145372	117.153038	38.318754	0.006426	0.5
637	-0.173267	116.660431	38.455875	0.001576	0.6
638	-0.177240	116.162103	38.595590	0.001930	0.6
639	-0.159921	115.822298	38.691444	0.002491	0.6
640	-0.171597	116.787795	38.420328	0.002258	0.5
641	-0.202497	116.468209	38.509647	0.002666	0.5
642	-0.194177	116.467677	38.509796	0.005097	0.5
643	-0.151387	115.970097	38.649694	0.003075	0.5
644	-0.179810	115.471761	38.790825	0.001797	0.5
645	-0.141323	115.023280	38.918723	0.002956	0.5
646	-0.186435	115.379009	38.817207	0.002408	0.5
647	-0.187171	114.884112	38.958582	0.001764	0.5
648	-0.165746	115.370667	38.819582	0.001678	0.5
649	-0.160745	114.980992	38.930826	0.004113	0.5
650	-0.174440	114.618291	39.034943	0.003539	0.5
651	-0.172947	114.119958	39.178907	0.002892	0.4
652	-0.153925	113.621634	39.323934	0.002690	0.5
653	-0.169460	113.123422	39.470006	0.003597	0.5
654	-0.146667	114.118481	39.179335	0.002141	0.5
655	-0.175609	113.637123	39.319410	0.001032	0.5
656	-0.156836	113.602402	39.329553	0.003475	0.6
657	-0.175561	114.036343	39.203167	0.003838	0.5
658	-0.197387	115.036204	38.915025	0.003830	0.4
659	-0.184256	116.036204	38.631049	0.003022	0.5
660	-0.164603	115.537902	38.772035	0.003458	0.4
661	-0.171491	115.039747	38.914011	0.002108	0.4
662	-0.162228	114.542397	39.056800	0.002670	0.5
663	-0.162328	114.078886	39.190820	0.003889	0.5
664	-0.156330	113.632670	39.320711	0.003793	0.5
665	-0.172782	113.134340	39.466793	0.002192	0.4
666	-0.144204	113.865103	39.252943	0.002272	0.5
667	-0.202776	114.561329	39.051345	0.002008	0.4
668	-0.145308	114.073235	39.192459	0.002959	0.5
669	-0.170085	113.642339	39.317887	0.005672	0.5
670	-0.153652	113.144004	39.463950	0.002117	0.7
671	-0.139568	112.647948	39.610427	0.001607	0.6
672	-0.151719	112.324726	39.706455	0.002385	0.5
673	-0.181425	111.898146	39.833906	0.002332	0.5
674	-0.190965	112.135908	39.762768	0.006404	0.4
675	-0.152690	113.011210	39.503056	0.002281	0.4
676	-0.170131	112.512875	39.650500	0.002197	0.5
677	-0.148250	112.030450	39.794290	0.002775	0.5
678	-0.175845	113.027619	39.498219	0.002378	0.5
679	-0.171081	113.909724	39.239961	0.002318	0.4
680	-0.162354	114.816406	38.978003	0.002888	0.4
681	-0.147013	114.320088	39.120964	0.002561	0.5
682	-0.168451	115.121744	38.890571	0.006056	0.5
683	-0.172236	115.433096	38.801819	0.002370	0.4
684	-0.177820	116.427996	38.520916	0.001178	0.4
685	-0.170231	116.994189	38.362864	0.003240	0.5
686	-0.151762	116.583979	38.477244	0.001894	0.5
687	-0.165947	116.358194	38.540491	0.002662	0.4
688	-0.169583	116.140722	38.601607	0.003017	0.4
689	-0.175097	115.735849	38.715906	0.001902	0.4
690	-0.167488	116.714800	38.440692	0.002633	0.5
691	-0.163620	116.451904	38.514216	0.001939	0.4
692	-0.168871	116.359485	38.540129	0.002183	0.4
693	-0.175672	115.871432	38.677555	0.004179	0.4
694	-0.176440	116.870999	38.397141	0.002361	0.5
695	-0.162975	117.844960	38.127796	0.004304	0.5
696	-0.162197	118.758592	37.878546	0.003256	0.4
697	-0.144615	118.260261	38.014091	0.001265	0.5
698	-0.159246	119.207840	37.757177	0.002897	0.4
699	-0.183841	120.110591	37.515627	0.002997	1.2
700	-0.181130	121.110077	37.251773	0.002940	0.5
701	-0.148025	120.619312	37.380864	0.001213	0.6
702	-0.166168	120.905319	37.305524	0.000767	0.5
703	-0.187399	120.919238	37.301865	0.003774	0.4
704	-0.197549	120.535200	37.403079	0.002273	0.4
705	-0.165633	121.535128	37.140685	0.003260	0.5
706	-0.187433	121.090830	37.256819	0.001646	0.5
707	-0.160409	120.649802	37.372818	0.002314	0.5
708	-0.157380	121.217683	37.223587	0.001063	0.5
709	-0.186532	121.029804	37.272827	0.004192	0.5
710	-0.156603	120.566579	37.394789	0.004811	0.5
711	-0.178556	120.070655	37.526247	0.001986	0.5
712	-0.176349	119.718791	37.620081	0.004795	0.5
713	-0.178805	120.699739	37.359647	0.002877	0.5
714	-0.154370	121.694861	37.099110	0.004365	0.5
715	-0.173384	122.694511	36.841019	0.004487	0.5
716	-0.167976	123.694511	36.586407	0.003425	0.4
717	-0.180896	124.694511	36.335290	0.003136	0.5
718	-0.183310	124.614280	36.355310	0.002204	0.4
719	-0.181355	124.123035	36.478373	0.001163	0.5
720	-0.177170	124.209532	36.456644	0.003420	0.5
721	-0.177862	123.772736	36.566638	0.002949	0.4
722	-0.188936	123.293861	36.687994	0.001394	0.4
723	-0.163354	123.996958	36.510092	0.001743	0.6
724	-0.145900	124.520681	36.378694	0.003079	0.5
725	-0.185366	124.077237	36.489889	0.002941	0.4
726	-0.160590	125.006653	36.257610	0.003292	0.5
727	-0.150913	125.864505	36.045825	0.006303	0.5
728	-0.149379	126.864505	35.802049	0.004502	0.5
729	-0.193040	126.366170	35.923118	0.002185	0.4
730	-0.165954	127.236778	35.712138	0.003108	0.4
731	-0.156150	128.227760	35.474983	0.001523	0.5
732	-0.173111	128.558537	35.396524	0.001373	0.8
733	-0.164898	128.182625	35.485716	0.002906	0.5
734	-0.156013	128.509604	35.408109	0.003346	0.5
735	-0.175151	128.011306	35.526514	0.003330	0.5
736	-0.156588	127.513018	35.645712	0.001971	0.5
737	-0.153977	127.542443	35.638651	0.002994	0.5
738	-0.180264	127.096960	35.745854	0.002482	0.4
739	-0.177460	126.599097	35.866427	0.002545	0.4
740	-0.157729	126.117993	35.983717	0.001992	0.5
741	-0.172614	125.653978	36.097570	0.003186	0.4
742	-0.167145	126.331856	35.931484	0.002290	0.4
743	-0.176716	125.835595	36.052922	0.003668	0.5
744	-0.162521	126.832941	35.809693	0.004032	0.5
745	-0.144573	126.357038	35.925344	0.001761	0.6
746	-0.147787	127.339886	35.687315	0.001331	0.5
747	-0.168128	127.330674	35.689532	0.001084	0.5
748	-0.172830	127.192567	35.722792	0.002839	0.6
749	-0.213359	127.516218	35.644944	0.002636	0.5
750	-0.178918	127.063106	35.754027	0.005384	0.4
751	-0.180300	126.564772	35.874770	0.003727	0.4
752	-0.170820	127.564772	35.633295	0.002786	0.4
753	-0.175907	127.110784	35.742517	0.003888	0.4
754	-0.163000	128.058888	35.515174	0.001775	0.4
755	-0.173786	127.575323	35.630764	0.002524	0.4
756	-0.180788	127.280441	35.701622	0.001679	0.4
757	-0.163687	126.797771	35.818215	0.001252	0.4
758	-0.162287	127.293400	35.698502	0.003079	0.5
759	-0.165864	127.555205	35.635589	0.001232	0.4
760	-0.171907	128.041750	35.519257	0.003170	0.4
761	-0.187268	128.192887	35.483275	0.003086	0.4
762	-0.165053	127.845676	35.566047	0.003939	0.8
763	-0.157551	128.831948	35.331933	0.001846	0.4
764	-0.165286	129.217634	35.241217	0.002930	0.6
765	-0.166314	129.522821	35.169765	0.003719	0.4
766	-0.152507	130.521147	34.938043	0.002957	0.5
767	-0.180607	131.521145	34.708973	0.001210	0.4
768	-0.144531	131.272308	34.765693	0.001745	0.4
769	-0.183247	131.741584	34.658880	0.002618	0.4
770	-0.185139	132.646429	34.454769	0.003012	0.4
771	-0.164723	133.636530	34.234164	0.002365	0.8
772	-0.160579	133.138705	34.344730	0.002839	0.5
773	-0.157386	134.136072	34.123929	0.001638	0.4
774	-0.168043	133.644240	34.232457	0.003250	0.5
775	-0.147732	134.355972	34.075628	0.001917	0.5
776	-0.177772	134.880844	33.960891	0.002809	0.4
777	-0.190954	135.146176	33.903182	0.004377	0.5
778	-0.171270	136.118583	33.693356	0.002012	0.5
779	-0.172505	137.111221	33.481825	0.002050	0.5
780	-0.202884	136.632076	33.583598	0.003346	0.4
781	-0.156767	136.134740	33.689891	0.002580	0.4
782	-0.182499	137.127096	33.478464	0.003354	0.5
783	-0.173937	136.754567	33.557521	0.001530	0.5
784	-0.182374	137.676284	33.362593	0.001655	0.5
785	-0.173270	138.114670	33.270674	0.002799	0.5
786	-0.186006	138.991210	33.088395	0.002052	0.4
787	-0.168350	138.497486	33.190820	0.004715	0.5
788	-0.155459	137.999360	33.294802	0.002009	0.5
789	-0.177425	137.763478	33.344270	0.002804	0.4
790	-0.193850	137.414186	33.417792	0.002328	0.6
791	-0.181877	138.311268	33.229616	0.003276	0.5
792	-0.167689	137.814248	33.333610	0.002178	0.5
793	-0.177199	138.746080	33.139169	0.003717	0.5
794	-0.183195	138.264497	33.239375	0.003056	0.5
795	-0.177925	138.242206	33.244028	0.001725	1.0
796	-0.182162	139.214691	33.042240	0.001546	0.7
797	-0.164624	138.981847	33.090331	0.003304	0.5
798	-0.177788	139.936248	32.894095	0.000946	0.7
799	-0.190839	140.227096	32.834755	0.003938	0.6
800	-0.172528	139.953310	32.890608	0.002440	0.5
801	-0.176099	140.952403	32.687704	0.002800	0.5
802	-0.179848	141.643474	32.548815	0.002266	0.5
803	-0.166755	141.269087	32.623911	0.003760	0.4
804	-0.160599	141.774244	32.522665	0.002397	0.5
805	-0.163781	141.276128	32.622496	0.002059	0.5
806	-0.183407	140.835657	32.711285	0.005418	0.5
807	-0.157826	141.573681	32.562788	0.005587	0.6
808	-0.171971	141.075346	32.662909	0.003988	0.5
809	-0.175675	140.938097	32.690592	0.001252	0.4
810	-0.166537	140.454686	32.788471	0.002360	0.4
811	-0.167896	140.601630	32.758657	0.003242	0.4
812	-0.167677	141.465655	32.584439	0.003329	0.5
813	-0.162510	142.424978	32.393165	0.003797	0.5
814	-0.165904	143.424974	32.196157	0.001910	0.4
815	-0.192947	142.950473	32.289338	0.001715	0.4
816	-0.158649	143.530410	32.175525	0.002059	0.4
817	-0.150286	143.730352	32.136471	0.002858	0.5
818	-0.156955	144.674227	31.953384	0.004590	0.4
819	-0.173115	145.674227	31.761673	0.003660	0.4
820	-0.158154	145.175940	31.856912	0.003394	0.4
821	-0.148155	145.644317	31.767374	0.002058	0.8
822	-0.155474	146.581888	31.589645	0.003586	0.4
823	-0.170640	147.578795	31.402836	0.002445	0.4
824	-0.176329	147.195880	31.474328	0.001943	0.5
825	-0.165536	147.816231	31.358669	0.001593	0.5
826	-0.181022	147.635220	31.392329	0.002445	0.6
827	-0.181489	147.319705	31.451174	0.002802	0.5
828	-0.160023	146.822287	31.544394	0.005893	0.5
829	-0.169682	146.323952	31.638341	0.001923	0.4
830	-0.194510	145.826922	31.732602	0.005090	0.4
831	-0.181902	146.824199	31.544034	0.003832	0.4
832	-0.154268	146.325864	31.637980	0.004095	0.5
833	-0.171427	147.325767	31.450041	0.002704	0.4
834	-0.174167	146.831947	31.542578	0.002902	0.4
835	-0.195005	147.679803	31.384032	0.003106	0.5
836	-0.165914	147.406321	31.434997	0.003394	0.4
837	-0.166343	146.911363	31.527659	0.004797	0.4
838	-0.162301	146.413028	31.621507	0.000758	0.5
839	-0.170406	146.730312	31.561691	0.004573	0.5
840	-0.152557	147.336389	31.448056	0.002634	0.4
841	-0.164683	148.336033	31.262409	0.002650	0.4
842	-0.194937	149.333434	31.079349	0.001479	0.5
843	-0.172748	149.253355	31.093967	0.003968	0.5
844	-0.159284	148.762389	31.183894	0.001227	0.8
845	-0.144547	149.724942	31.008078	0.004723	1.2
846	-0.159215	150.639576	30.842842	0.004453	0.7
847	-0.164621	150.207521	30.920676	0.003098	0.6
848	-0.166531	151.207520	30.741121	0.003134	0.7
849	-0.166088	150.711372	30.829946	0.002357	0.6
850	-0.138494	150.213139	30.919661	0.002114	0.6
851	-0.159716	149.748967	31.003715	0.002213	0.6
852	-0.163561	149.886620	30.978741	0.002277	0.8
853	-0.170357	149.518717	31.045579	0.002527	0.7
854	-0.176870	150.491804	30.869419	0.002182	1.3
855	-0.128909	150.000063	30.958189	0.002169	1.1
856	-0.161274	150.854136	30.804334	0.002626	0.7
857	-0.174589	151.821231	30.631956	0.001263	0.6
858	-0.157121	152.463509	30.518536	0.002961	0.7
859	-0.193976	151.991944	30.601727	0.003787	0.6
860	-0.163131	151.659573	30.660636	0.002602	0.7
861	-0.155903	151.328266	30.719582	0.003135	0.7
862	-0.167964	150.848083	30.805419	0.002185	0.6
863	-0.163190	151.841423	30.628377	0.005241	0.9
864	-0.174121	151.343115	30.716935	0.003677	0.7
865	-0.185709	152.343115	30.539732	0.001941	0.7
866	-0.160275	151.914739	30.615391	0.002814	0.7
867	-0.172437	152.604108	30.493819	0.002756	0.8
868	-0.157147	152.950513	30.433094	0.003185	0.8
869	-0.156018	152.464532	30.518356	0.003524	0.7
870	-0.161034	153.464423	30.343449	0.003354	0.7
871	-0.190114	154.462492	30.170849	0.002484	0.7
872	-0.164055	155.379262	30.014029	0.002917	0.5
873	-0.178634	156.374770	29.845577	0.002701	0.7
874	-0.188945	157.070479	29.728972	0.002045	1.2
875	-0.161260	158.040829	29.567849	0.002678	1.8
876	-0.190671	158.859756	29.433223	0.003869	0.5
877	-0.184384	159.856520	29.271006	0.004121	0.5
878	-0.159716	160.856520	29.110049	0.002127	0.6
879	-0.161439	160.358201	29.190035	0.000748	0.4
880	-0.165829	160.325576	29.195287	0.003083	0.5
881	-0.181108	160.530051	29.162402	0.001643	0.5
882	-0.144135	160.066577	29.237048	0.001959	0.5
883	-0.148185	159.760598	29.286539	0.002748	0.5
884	-0.182578	159.484241	29.331382	0.003810	0.6
885	-0.182363	158.985946	29.412587	0.002449	0.7
886	-0.135905	158.488375	29.494123	0.002099	1.0
887	-0.148798	158.062803	29.564221	0.002548	1.0
888	-0.174223	157.614451	29.638432	0.001879	0.6
889	-0.183915	158.310543	29.523374	0.001714	0.7
890	-0.146888	159.152153	29.385451	0.004784	0.6
891	-0.160761	158.669103	29.464455	0.001624	0.6
892	-0.183663	158.818334	29.440003	0.001975	0.6
893	-0.154189	158.538726	29.485852	0.004890	0.6
894	-0.170276	158.040652	29.567879	0.002003	0.5
895	-0.163144	157.663333	29.630323	0.002213	0.5
896	-0.169845	157.953053	29.582352	0.002019	0.5
897	-0.192705	158.149189	29.549965	0.006772	0.6
898	-0.152680	157.651519	29.632282	0.004100	0.7
899	-0.179267	157.153184	29.715171	0.004903	0.6
900	-0.153421	156.654849	29.798524	0.001486	0.5
901	-0.185777	157.653712	29.631919	0.002161	0.4
902	-0.177434	157.997011	29.575088	0.001190	0.5
903	-0.155523	158.684463	29.461937	0.003350	0.5
904	-0.168601	159.043298	29.403218	0.005010	0.4
905	-0.197069	160.043293	29.240809	0.002864	0.5
906	-0.145815	159.544958	29.321518	0.002064	0.4
907	-0.165743	160.535894	29.161463	0.002488	0.4
908	-0.176986	161.512500	29.005423	0.001987	0.4
909	-0.195785	162.340948	28.874359	0.002573	0.4
910	-0.184591	163.191559	28.741015	0.001904	0.5
911	-0.183249	163.972173	28.619723	0.001507	0.5
912	-0.150622	163.519941	28.689865	0.002789	0.5
913	-0.167977	163.525333	28.689027	0.001666	0.5
914	-0.163185	163.042073	28.764359	0.004268	0.5
915	-0.162323	162.567832	28.838671	0.001191	0.5
916	-0.142970	162.110888	28.910636	0.003289	0.5
917	-0.193302	162.681866	28.820767	0.002010	0.5
918	-0.177300	163.680439	28.664932	0.002425	0.5
919	-0.146729	164.100631	28.599861	0.002840	0.5
920	-0.161581	164.747149	28.500315	0.001391	0.5
921	-0.191295	165.727198	28.350729	0.002366	0.5
922	-0.140867	165.241625	28.424646	0.001548	0.5
923	-0.161518	165.868017	28.329365	0.002821	0.4
924	-0.178561	166.813696	28.186721	0.002470	0.4
925	-0.168164	167.510342	28.082556	0.002618	0.4
926	-0.178452	168.431123	27.946053	0.002612	0.5
927	-0.156819	167.996322	28.010345	0.001123	0.7
928	-0.173711	168.557780	27.927381	0.001874	0.5
929	-0.159779	169.256488	27.824819	0.003809	0.9
930	-0.163313	170.233510	27.682660	0.002527	0.6
931	-0.183698	171.233435	27.538666	0.003096	0.5
932	-0.180722	172.232975	27.396216	0.003079	0.5
933	-0.179385	171.735295	27.466958	0.003070	0.5
934	-0.177699	172.734942	27.325232	0.003946	0.5
935	-0.178912	173.734924	27.184915	0.002225	0.5
936	-0.141390	174.697093	27.051257	0.002152	0.6
937	-0.190560	175.676386	26.916563	0.001607	0.4
938	-0.157306	175.930582	26.881819	0.001506	0.4
939	-0.152727	175.791982	26.900752	0.001924	0.4
940	-0.177344	176.159322	26.850631	0.001945	0.4
941	-0.175320	175.959118	26.877924	0.001154	0.4
942	-0.165360	176.309204	26.830235	0.002759	0.5
943	-0.169733	177.054965	26.729208	0.001935	0.4
944	-0.159632	177.705294	26.641727	0.002572	0.5
945	-0.198681	178.539376	26.530364	0.004459	0.4
946	-0.149888	178.041041	26.596788	0.003990	0.5
947	-0.162557	179.040615	26.463887	0.003656	0.4
948	-0.157143	178.586897	26.524047	0.001138	0.4
949	-0.144668	179.425327	26.413090	0.001860	0.5
950	-0.170346	179.031464	26.465098	0.004534	0.5
951	-0.177791	178.562667	26.527268	0.001279	0.4
952	-0.199829	179.553342	26.396231	0.005457	0.4
953	-0.155951	179.055436	26.461927	0.003777	0.4
954	-0.164403	178.761787	26.500826	0.002193	0.5
955	-0.177026	178.326506	26.558697	0.002463	0.6
956	-0.166116	179.269961	26.433581	0.003049	0.6
957	-0.163869	178.813673	26.493944	0.001910	0.5
958	-0.167287	178.351795	26.555328	0.003870	0.5
959	-0.180730	179.328176	26.425900	0.002735	0.7
960	-0.172349	179.975893	26.340733	0.001939	0.7
961	-0.188177	180.859419	26.225441	0.003926	0.7
962	-0.173394	180.703368	26.245731	0.001599	0.5
963	-0.153570	180.260136	26.303531	0.003592	0.6
964	-0.146399	179.763643	26.368580	0.003630	0.4
965	-0.178203	179.533320	26.398866	0.001666	0.5
966	-0.178033	180.348573	26.291978	0.002135	0.4
967	-0.154303	181.051245	26.200543	0.003355	0.5
968	-0.176274	182.048424	26.071871	0.004193	0.5
969	-0.169516	181.550156	26.136007	0.003012	0.4
970	-0.179290	182.525129	26.010804	0.003242	0.5
971	-0.179545	182.028306	26.074454	0.004868	0.4
972	-0.179260	181.530009	26.138607	0.003612	0.4
973	-0.160236	182.530009	26.010181	0.002845	0.4
974	-0.205410	182.693747	25.989272	0.002041	0.5
975	-0.196452	182.207820	26.051420	0.004055	0.4
976	-0.163352	183.206787	25.923978	0.002548	0.5
977	-0.165454	182.869023	25.966928	0.003752	0.4
978	-0.170770	183.616153	25.872113	0.001878	0.5
979	-0.167801	183.118031	25.935251	0.003675	0.5
980	-0.188167	182.808636	25.974622	0.002524	0.5
981	-0.160270	182.310315	26.038287	0.003585	0.4
982	-0.166078	182.173666	26.055799	0.003145	0.4
983	-0.153561	181.741606	26.111327	0.001801	0.5
984	-0.160376	182.280985	26.042044	0.002630	0.4
985	-0.136067	181.947962	26.084777	0.002943	0.6
986	-0.155866	182.927718	25.959454	0.001918	0.4
987	-0.170470	182.430917	26.022850	0.004165	0.4
988	-0.149459	183.406462	25.898654	0.004397	0.4
989	-0.160831	182.908135	25.961947	0.002718	0.4
990	-0.172406	183.907981	25.835266	0.002291	0.4
991	-0.177883	184.049750	25.817404	0.002481	0.5
992	-0.166520	183.693018	25.862398	0.004282	0.5
993	-0.169383	183.329920	25.908356	0.004711	0.5
994	-0.147275	184.329920	25.782177	0.005896	0.6
995	-0.178326	185.329920	25.657221	0.005402	0.5
996	-0.158060	186.329920	25.533470	0.001564	0.4
997	-0.196506	187.215572	25.424862	0.002211	0.5
998	-0.157852	186.827336	25.472358	0.002420	0.5
999	-0.179125	186.333032	25.533087	0.004051	0.5
1000	-0.159736	185.834803	25.594591	0.001834	0.4
1001	-0.180740	185.354574	25.654155	0.003469	0.5
1002	-0.176886	186.075080	25.564893	0.002386	0.4
1003	-0.182256	185.576838	25.626553	0.003255	0.4
1004	-0.153463	185.078976	25.688464	0.003585	0.4
1005	-0.186527	184.580646	25.750733	0.001553	0.5
1006	-0.157397	185.020558	25.695748	0.002366	0.5
1007	-0.171253	185.491091	25.637195	0.005424	0.5
1008	-0.152178	184.993729	25.699094	0.002515	0.5
1009	-0.155913	184.495404	25.761414	0.002398	0.7
1010	-0.157335	185.451076	25.642164	0.003747	0.6
1011	-0.168328	185.039784	25.693350	0.004294	0.5
1012	-0.157146	184.541449	25.755643	0.003472	0.5
1013	-0.202484	185.541449	25.630944	0.003211	0.5
1014	-0.182788	186.540483	25.507565	0.003010	0.5
1015	-0.180379	186.042554	25.568909	0.001665	0.5
1016	-0.170676	186.957587	25.456404	0.003312	0.5
1017	-0.172146	186.830933	25.471917	0.002706	0.5
1018	-0.157996	187.830268	25.350024	0.003796	0.7
1019	-0.175850	187.420163	25.399905	0.004670	0.5
1020	-0.139306	186.921828	25.460782	0.001950	0.5
1021	-0.185639	187.912024	25.340103	0.001643	0.5
1022	-0.208923	187.585281	25.379798	0.004430	0.5
1023	-0.193877	187.114660	25.437191	0.002113	0.4
1024	-0.169861	188.114619	25.315553	0.002678	0.7
1025	-0.177492	187.624123	25.375073	0.001827	0.7
1026	-0.166726	187.988780	25.330797	0.004165	0.6
1027	-0.193757	187.496061	25.390658	0.003894	0.5
1028	-0.166818	186.997726	25.451491	0.002003	0.8
1029	-0.158935	186.500333	25.512500	0.002129	0.5
1030	-0.181956	187.193874	25.427512	0.001077	0.4
1031	-0.174461	187.423192	25.399536	0.003031	0.5
1032	-0.166484	187.065754	25.443170	0.002975	0.5
1033	-0.174012	186.600059	25.500245	0.002385	0.5
1034	-0.194860	187.162767	25.431312	0.007604	0.5
1035	-0.177583	186.664432	25.492340	0.005849	0.5
1036	-0.161031	186.166101	25.553661	0.002011	0.5
1037	-0.162807	185.667778	25.615276	0.004140	0.5
1038	-0.167826	186.635661	25.495872	0.002411	0.5
1039	-0.177590	187.619999	25.375574	0.002881	0.4
1040	-0.161439	188.615771	25.255028	0.005001	0.5
1041	-0.202923	189.615771	25.135118	0.004674	0.5
1042	-0.144988	189.117436	25.194731	0.003298	0.5
1043	-0.153660	190.117436	25.075391	0.003607	0.5
1044	-0.175115	191.117415	24.957179	0.003370	0.5
1045	-0.181810	192.117384	24.840077	0.005473	0.4
1046	-0.162154	191.619049	24.898297	0.003191	0.4
1047	-0.171404	191.120775	24.956784	0.002698	0.5
1048	-0.167499	192.033953	24.849805	0.003102	0.5
1049	-0.172574	192.239724	24.825826	0.001470	0.5
1050	-0.163287	192.942213	24.744309	0.007502	0.5
1051	-0.165077	192.445700	24.801869	0.003341	0.5
1052	-0.152905	193.445700	24.686213	0.003957	0.4
1053	-0.169385	192.947365	24.743713	0.002552	0.5
1054	-0.170819	192.453649	24.800945	0.005505	0.5
1055	-0.169777	193.453649	24.685298	0.005888	0.7
1056	-0.161035	192.955314	24.742794	0.003929	0.5
1057	-0.153303	193.955313	24.627687	0.003004	0.5
1058	-0.174637	194.929801	24.516543	0.002979	0.4
1059	-0.161080	195.929749	24.403533	0.004436	0.5
1060	-0.165251	196.750879	24.311508	0.003897	0.4
1061	-0.160618	196.404938	24.350193	0.003513	0.5
1062	-0.168306	197.403625	24.238848	0.003676	0.5
1063	-0.158019	198.403624	24.128372	0.001396	0.5
1064	-0.172002	199.108594	24.051093	0.003935	0.5
1065	-0.151240	199.087200	24.053431	0.002378	0.5
1066	-0.182230	200.084309	23.944948	0.002857	0.5
1067	-0.175792	199.590823	23.998515	0.002513	0.5
1068	-0.178903	199.504838	24.007874	0.002600	0.5
1069	-0.169841	200.503460	23.899637	0.001177	0.6
1070	-0.171020	200.174341	23.935201	0.002652	0.5
1071	-0.165366	200.707319	23.877661	0.002336	0.7
1072	-0.175119	200.320547	23.919389	0.003252	0.5
1073	-0.173542	200.023085	23.951581	0.002601	0.5
1074	-0.166479	199.531798	24.004939	0.004524	0.5
1075	-0.182124	199.111355	24.050791	0.002754	0.5
1076	-0.175097	198.613021	24.105366	0.005072	0.5
1077	-0.168063	199.611918	23.996221	0.001409	0.5
1078	-0.172001	199.137726	24.047910	0.006668	0.5
1079	-0.167774	199.095768	24.052495	0.005650	0.5
1080	-0.176339	200.095768	23.943707	0.004400	0.5
1081	-0.165013	199.597433	23.997796	0.001820	0.5
1082	-0.180077	200.082611	23.945132	0.002900	0.9
1083	-0.170563	200.128759	23.940135	0.008008	0.8
1084	-0.196629	201.128759	23.832359	0.002464	0.7
1085	-0.181976	202.128475	23.725579	0.003652	0.5
1086	-0.149053	201.631542	23.778537	0.003324	0.5
1087	-0.163971	202.631537	23.672208	0.003938	0.4
1088	-0.163580	202.133201	23.725077	0.001986	0.4
1089	-0.177626	201.634900	23.778178	0.002737	0.5
1090	-0.167000	202.566737	23.679069	0.003485	0.5
1091	-0.167375	203.445321	23.586378	0.005090	0.5
1092	-0.177871	202.949112	23.638639	0.004149	0.5
1093	-0.155360	203.949112	23.533555	0.003765	0.4
1094	-0.168564	204.949112	23.429401	0.003075	0.4
1095	-0.146589	204.450786	23.481188	0.003435	0.4
1096	-0.188907	205.450699	23.377505	0.003564	0.5
1097	-0.146258	204.952366	23.429063	0.002938	0.5
1098	-0.185235	205.951910	23.325877	0.002359	0.5
1099	-0.182620	206.942351	23.224523	0.002390	0.4
1100	-0.153566	206.577272	23.261779	0.003320	0.6
1101	-0.172873	207.527862	23.165019	0.002969	0.6
1102	-0.183940	207.049681	23.213592	0.002198	0.5
1103	-0.163666	207.955301	23.121772	0.003197	0.5
1104	-0.148908	208.838102	23.032962	0.002113	0.4
1105	-0.157113	208.934736	23.023282	0.004646	0.4
1106	-0.181572	208.455365	23.071382	0.003191	0.4
1107	-0.168799	209.455334	22.971272	0.001794	0.4
1108	-0.165858	210.276439	22.889717	0.002541	0.4
1109	-0.156717	211.207415	22.797947	0.002948	0.8
1110	-0.168639	212.203955	22.700525	0.001726	0.5
1111	-0.144133	213.161265	22.607720	0.001473	0.4
1112	-0.160833	213.765879	22.549496	0.003253	0.8
1113	-0.171337	214.081319	22.519238	0.001593	0.4
1114	-0.192974	214.920242	22.439161	0.002886	0.6
1115	-0.157372	214.425515	22.486315	0.002618	0.7
1116	-0.161090	213.930505	22.533695	0.002275	0.5
1117	-0.190267	214.229311	22.505071	0.003647	0.5
1118	-0.166295	213.731046	22.552842	0.002877	0.5
1119	-0.184618	213.237173	22.600393	0.001637	0.5
1120	-0.187262	212.832610	22.639495	0.006485	0.5
1121	-0.182232	213.115332	22.612155	0.002764	0.4
1122	-0.164655	212.616997	22.660390	0.002420	0.4
1123	-0.159252	212.123123	22.708396	0.002028	0.5
1124	-0.177063	212.891823	22.633764	0.003930	0.5
1125	-0.158798	212.577106	22.664260	0.004441	0.5
1126	-0.170819	212.078770	22.712718	0.001236	0.5
1127	-0.170431	212.544736	22.667401	0.005232	0.5
1128	-0.166236	212.128871	22.707836	0.002565	0.5
1129	-0.169079	213.128871	22.610848	0.001954	0.5
1130	-0.196557	213.030100	22.620391	0.002718	0.5
1131	-0.176461	213.482261	22.576771	0.003705	0.6
1132	-0.180463	214.251732	22.502926	0.007395	0.5
1133	-0.168844	213.753980	22.550639	0.004226	0.4
1134	-0.173972	213.277980	22.596457	0.003285	0.4
1135	-0.153777	214.277974	22.500416	0.002333	0.4
1136	-0.176371	215.276676	22.405310	0.006696	0.5
1137	-0.188056	214.778343	22.452666	0.004231	0.4
1138	-0.153781	215.778343	22.357840	0.001312	0.5
1139	-0.185175	215.908135	22.345591	0.003770	0.4
1140	-0.158578	216.219657	22.316246	0.002200	0.5
1141	-0.166543	215.721456	22.363213	0.002209	0.5
1142	-0.199902	215.240106	22.408779	0.001675	0.5
1143	-0.178652	216.074718	22.329890	0.003789	0.4
1144	-0.157312	217.061596	22.237322	0.002147	0.7
1145	-0.184534	216.633573	22.277375	0.008718	0.5
1146	-0.173086	217.633573	22.184021	0.004812	0.6
1147	-0.163559	217.135238	22.230445	0.002051	0.5
1148	-0.183678	218.135223	22.137484	0.002543	0.5
1149	-0.181019	219.075321	22.050797	0.001664	0.5
1150	-0.176426	220.036793	21.962839	0.001570	0.6
1151	-0.181545	219.765908	21.987549	0.001841	0.5
1152	-0.184992	219.301607	22.030033	0.002325	0.5
1153	-0.169816	219.037019	22.054316	0.002253	0.5
1154	-0.164728	218.553833	22.098800	0.002562	0.5
1155	-0.164163	219.529960	22.009118	0.002847	0.5
1156	-0.189499	220.529219	21.918061	0.002416	0.5
1157	-0.176528	220.031734	21.963300	0.001650	0.5
1158	-0.186086	219.545663	22.007681	0.004468	0.4
1159	-0.182366	219.047763	22.053329	0.001863	0.4
1160	-0.155536	220.047372	21.961875	0.004006	0.4
1161	-0.162568	219.549180	22.007359	0.002921	0.4
1162	-0.163952	220.548971	21.916269	0.004357	0.4
1163	-0.146498	221.533374	21.827315	0.002193	0.4
1164	-0.183536	222.529813	21.738005	0.002032	0.4
1165	-0.157012	223.324153	21.667331	0.001579	0.4
1166	-0.166216	223.803661	21.624890	0.002620	0.5
1167	-0.163897	224.487772	21.564627	0.005515	0.4
1168	-0.159562	223.989449	21.608491	0.003515	0.4
1169	-0.176944	223.931030	21.613645	0.004984	0.5
1170	-0.171941	224.931030	21.525760	0.003044	0.5
1171	-0.172213	225.931030	21.438587	0.002944	0.5
1172	-0.156604	225.476460	21.478125	0.002268	0.5
1173	-0.176489	226.472826	21.391651	0.001657	0.5
1174	-0.164238	226.028534	21.430125	0.001130	0.4
1175	-0.167474	226.272433	21.408987	0.000789	0.4
1176	-0.198413	226.084480	21.425272	0.004298	0.4
1177	-0.173558	226.497663	21.389504	0.004987	0.4
1178	-0.192443	227.497663	21.303429	0.002656	0.5
1179	-0.180174	228.497663	21.218044	0.002786	0.6
1180	-0.172507	229.497026	21.133394	0.002680	0.5
1181	-0.171856	230.488003	21.050119	0.001842	0.5
1182	-0.154661	230.551414	21.044812	0.003966	0.5
1183	-0.163718	230.265546	21.068755	0.002280	0.5
1184	-0.162531	230.876857	21.017621	0.001719	0.5
1185	-0.164788	231.417206	20.972628	0.002501	0.4
1186	-0.151742	232.365831	20.894105	0.004595	0.5
1187	-0.174172	233.365824	20.811964	0.002623	0.6
1188	-0.170319	234.164890	20.746790	0.001682	0.5
1189	-0.152046	234.044491	20.756584	0.002638	0.5
1190	-0.158595	234.961374	20.682231	0.005720	0.5
1191	-0.188436	234.463038	20.722576	0.002888	0.5
1192	-0.168655	233.964703	20.763079	0.001956	0.5
1193	-0.169114	234.264100	20.738726	0.002540	0.5
1194	-0.165270	233.863473	20.771326	0.003591	0.5
1195	-0.178666	233.433660	20.806415	0.001353	0.5
1196	-0.150553	232.941374	20.846750	0.002137	0.5
1197	-0.160950	233.480976	20.802546	0.002211	0.5
1198	-0.176464	233.361199	20.812342	0.003336	0.5
1199	-0.170180	232.873389	20.852332	0.003372	0.7
1200	-0.172358	232.375589	20.893300	0.004504	0.5
1201	-0.178507	233.375589	20.811165	0.004419	0.5
1202	-0.163037	232.877253	20.852015	0.001730	0.5
1203	-0.172039	232.667344	20.869270	0.001519	0.5
1204	-0.178444	232.375790	20.893284	0.001413	0.7
1205	-0.155576	233.063848	20.836700	0.001811	0.5
1206	-0.170847	232.852998	20.854007	0.004208	0.6
1207	-0.173054	232.354899	20.895007	0.003437	0.4
1208	-0.155977	232.130388	20.913539	0.002400	0.7
1209	-0.183060	232.817841	20.856896	0.002118	0.6
1210	-0.183560	232.321550	20.897757	0.002542	0.6
1211	-0.185073	233.193202	20.826097	0.002219	0.6
1212	-0.172677	233.032015	20.839311	0.002134	0.4
1213	-0.168945	233.964199	20.763120	0.002136	0.5
1214	-0.157527	233.957961	20.763628	0.003390	0.5
1215	-0.165510	233.460120	20.804251	0.004000	0.5
1216	-0.198817	234.460119	20.722813	0.003176	0.5
1217	-0.154911	233.962562	20.763253	0.002825	0.5
1218	-0.197699	233.809258	20.775745	0.002046	0.4
1219	-0.153025	233.724662	20.782645	0.002840	0.5
1220	-0.195399	233.809712	20.775708	0.003600	0.5
1221	-0.187467	233.333317	20.814624	0.001747	0.4
1222	-0.152476	232.841844	20.854924	0.001629	0.5
1223	-0.148291	233.214104	20.824385	0.003271	0.5
1224	-0.179516	232.764386	20.861289	0.002221	0.5
1225	-0.142262	232.266291	20.902317	0.001111	0.5
1226	-0.180383	232.136268	20.913053	0.001496	0.4
1227	-0.146138	231.765337	20.943743	0.000911	0.5
1228	-0.162542	231.789803	20.941716	0.002627	0.5
1229	-0.178348	232.537712	20.879940	0.006184	0.5
1230	-0.173473	232.039584	20.921044	0.001430	0.5
1231	-0.170993	231.541264	20.962326	0.004148	0.5
1232	-0.154727	232.437455	20.888200	0.003674	0.5
1233	-0.183974	233.437455	20.806105	0.002953	0.5
1234	-0.198462	234.437373	20.724658	0.004989	0.7
1235	-0.170165	235.437373	20.643841	0.003774	0.4
1236	-0.136568	236.437373	20.563651	0.001371	0.4
1237	-0.180475	235.940267	20.603436	0.003528	0.4
1238	-0.152346	236.933070	20.524132	0.004693	0.7
1239	-0.160643	236.434734	20.563862	0.004594	0.6
1240	-0.203647	235.936399	20.603746	0.006561	0.5
1241	-0.150995	236.936399	20.523867	0.001365	0.5
1242	-0.197481	237.888348	20.448399	0.003589	0.5
1243	-0.135442	237.406480	20.486531	0.001651	0.5
1244	-0.191269	237.028385	20.516550	0.001844	0.5
1245	-0.177413	237.538468	20.476072	0.002768	0.5
1246	-0.158860	238.409318	20.407333	0.002741	0.4
1247	-0.151853	239.375953	20.331571	0.001494	0.5
1248	-0.164943	238.946453	20.365164	0.002658	0.4
1249	-0.194587	238.516017	20.398942	0.003744	0.4
1250	-0.184905	238.021781	20.437865	0.001871	0.5
1251	-0.178651	239.010475	20.360150	0.003897	0.4
1252	-0.186842	238.785646	20.377771	0.001529	0.5
1253	-0.192194	238.693002	20.385040	0.002068	0.5
1254	-0.183636	239.288933	20.338369	0.003111	0.7
1255	-0.178082	238.793710	20.377138	0.004402	0.5
1256	-0.178359	238.990938	20.361680	0.002849	0.5
1257	-0.159971	238.492729	20.400773	0.004739	0.5
1258	-0.199481	239.492729	20.322457	0.002026	0.5
1259	-0.196636	239.862972	20.293613	0.004366	0.5
1260	-0.173984	240.729499	20.226426	0.003406	0.6
1261	-0.162321	240.231182	20.265009	0.002068	0.5
1262	-0.149188	239.734776	20.303591	0.002793	0.5
1263	-0.184358	240.709631	20.227961	0.004973	0.8
1264	-0.165753	241.709624	20.150964	0.002988	0.5
1265	-0.183008	242.709554	20.074556	0.002139	0.5
1266	-0.177155	242.953710	20.055987	0.002212	0.8
1267	-0.166062	243.113595	20.043846	0.004776	0.7
1268	-0.151742	243.984040	19.978004	0.002697	0.8
1269	-0.177318	244.979904	19.903204	0.003498	0.6
1270	-0.191486	244.483203	19.940442	0.002880	0.6
1271	-0.161997	245.316779	19.878028	0.001463	0.5
1272	-0.181062	244.948036	19.905589	0.002101	0.5
1273	-0.158959	245.870563	19.836779	0.003835	0.5
1274	-0.182575	246.762682	19.770687	0.003160	0.4
1275	-0.169333	247.746649	19.698301	0.002704	0.5
1276	-0.183572	247.248528	19.734879	0.004151	0.5
1277	-0.177531	248.248502	19.661585	0.003390	0.5
1278	-0.180582	247.750312	19.698032	0.004506	0.5
1279	-0.156089	247.288133	19.731966	0.002164	0.5
1280	-0.179452	246.871768	19.762636	0.004495	0.6
1281	-0.173769	246.422987	19.795801	0.002083	0.5
1282	-0.176362	247.403590	19.723478	0.001963	0.5
1283	-0.173407	247.995744	19.680060	0.001838	0.5
1284	-0.149440	247.771334	19.696491	0.001602	0.5
1285	-0.147203	247.567319	19.711454	0.002357	0.5
1286	-0.195440	247.103175	19.745578	0.002601	0.5
1287	-0.175302	247.466020	19.718891	0.002988	0.5
1288	-0.176678	247.929011	19.684943	0.003104	0.5
1289	-0.176126	248.634816	19.633415	0.001584	0.5
1290	-0.170367	248.140693	19.669461	0.002156	0.4
1291	-0.195677	247.686965	19.702676	0.001756	0.4
1292	-0.186616	248.502660	19.643043	0.003277	0.4
1293	-0.169992	249.386262	19.578851	0.004254	0.4
1294	-0.187058	250.386262	19.506707	0.002630	0.5
1295	-0.154766	251.376689	19.435776	0.001861	0.5
1296	-0.186739	250.892114	19.470415	0.003280	0.4
1297	-0.175116	250.398276	19.505843	0.002907	0.5
1298	-0.171362	251.372085	19.436104	0.004196	0.7
1299	-0.177316	252.372083	19.365007	0.002266	0.5
1300	-0.179791	251.874993	19.400284	0.002881	0.5
1301	-0.176629	252.625841	19.347048	0.001780	0.5
1302	-0.154899	252.656102	19.344909	0.000992	0.5
1303	-0.158289	253.056924	19.316616	0.003210	0.4
1304	-0.171302	252.674999	19.343573	0.003001	0.4
1305	-0.168667	253.667389	19.273683	0.004161	0.4
1306	-0.171204	253.169107	19.308712	0.003588	0.4
1307	-0.165807	252.870780	19.329745	0.003308	0.5
1308	-0.190641	252.372462	19.364980	0.002387	0.5
1309	-0.181901	253.145494	19.310375	0.004526	0.4
1310	-0.159284	254.125355	19.241601	0.001797	0.4
1311	-0.160342	253.635552	19.275918	0.002866	0.5
1312	-0.174935	253.218235	19.305253	0.003386	0.5
1313	-0.181702	252.719918	19.340398	0.001788	0.5
1314	-0.185329	253.553219	19.281698	0.003662	0.4
1315	-0.180218	254.459969	19.218227	0.003263	0.4
1316	-0.192283	255.459957	19.148713	0.002075	0.4
1317	-0.174144	255.623470	19.137394	0.003234	0.5
1318	-0.180571	255.127219	19.171787	0.002013	0.4
1319	-0.189969	256.100915	19.104420	0.001563	0.4
1320	-0.169116	255.997602	19.111546	0.002152	0.4
1321	-0.193353	256.664953	19.065612	0.002271	0.5
1322	-0.161396	257.629407	18.999618	0.004768	0.5
1323	-0.181843	258.142630	18.964686	0.002016	0.4
1324	-0.167670	257.753272	18.991175	0.002195	0.4
1325	-0.164929	258.439680	18.944526	0.002573	0.4
1326	-0.168996	257.942722	18.978277	0.002400	0.5
1327	-0.156569	258.938390	18.910776	0.003711	0.5
1328	-0.181307	259.780026	18.854091	0.002983	0.5
1329	-0.156719	259.282064	18.887588	0.002259	0.5
1330	-0.173791	258.827918	18.918242	0.004836	0.6
1331	-0.149642	259.827883	18.850878	0.001657	0.6
1332	-0.165343	260.827477	18.784018	0.003918	0.5
1333	-0.174102	260.329800	18.817247	0.003362	0.5
1334	-0.189910	260.142153	18.829806	0.002503	0.5
1335	-0.171090	259.645264	18.863145	0.005329	0.5
1336	-0.137520	259.146928	18.896699	0.001613	0.4
1337	-0.175636	260.103285	18.832410	0.002210	0.4
1338	-0.194436	260.844237	18.782901	0.002063	0.4
1339	-0.168278	260.460465	18.808511	0.000677	0.4
1340	-0.187765	260.354422	18.815600	0.001972	0.4
1341	-0.163960	260.425891	18.810822	0.002720	0.5
1342	-0.180717	259.939898	18.843362	0.001594	0.4
1343	-0.177987	259.662266	18.862002	0.002589	0.5
1344	-0.187724	260.546075	18.802792	0.001164	0.5
1345	-0.183097	261.379999	18.747264	0.005462	0.5
1346	-0.172949	261.990525	18.706818	0.004172	0.4
1347	-0.155203	262.990525	18.640947	0.003197	0.5
1348	-0.170095	262.530887	18.671166	0.002331	0.5
1349	-0.160558	262.039816	18.703560	0.002975	0.4
1350	-0.161088	261.756258	18.722317	0.003020	0.4
1351	-0.181717	261.258074	18.755362	0.002324	0.5
1352	-0.158233	262.046402	18.703125	0.005290	0.5
1353	-0.182920	263.046348	18.637283	0.001359	0.5
1354	-0.186132	262.548657	18.669996	0.003310	0.5
1355	-0.173977	263.385562	18.615053	0.002346	0.5
1356	-0.170318	262.888165	18.647668	0.001614	0.5
1357	-0.181337	263.551311	18.604210	0.002584	0.5
1358	-0.168400	263.678517	18.595897	0.001276	0.5
1359	-0.175270	263.195753	18.627486	0.001636	0.5
1360	-0.147392	263.535360	18.605253	0.003430	0.5
1361	-0.173964	264.446239	18.545882	0.001682	0.4
1362	-0.169632	263.949030	18.578243	0.004277	0.5
1363	-0.150256	264.651540	18.532553	0.002473	0.7
1364	-0.184785	265.444812	18.481229	0.002019	0.5
1365	-0.172748	265.600339	18.471200	0.005860	0.4
1366	-0.191330	265.107949	18.502989	0.002451	0.5
1367	-0.172279	264.609617	18.535273	0.002289	0.5
1368	-0.184601	264.131144	18.566377	0.002176	0.5
1369	-0.150649	265.103489	18.503278	0.001796	0.6
1370	-0.189609	266.007394	18.445003	0.002112	0.5
1371	-0.199873	265.571763	18.473042	0.001243	0.5
1372	-0.155059	265.204047	18.496776	0.002829	0.5
1373	-0.169052	264.719164	18.528167	0.003568	0.5
1374	-0.163837	264.220841	18.560538	0.002609	0.4
1375	-0.168384	263.722516	18.593023	0.003924	0.5
1376	-0.150524	263.224519	18.625600	0.003150	0.5
1377	-0.166209	262.726186	18.658314	0.002775	0.4
1378	-0.162888	262.230766	18.690951	0.004524	0.5
1379	-0.178344	261.933954	18.710558	0.002594	0.5
1380	-0.170009	262.780133	18.654767	0.003314	0.4
1381	-0.173996	262.981375	18.641547	0.003063	0.4
1382	-0.194193	263.981111	18.576151	0.004542	0.4
1383	-0.165514	263.482777	18.608692	0.005275	0.5
1384	-0.184066	264.482777	18.543508	0.004912	0.5
1385	-0.161935	265.482777	18.478780	0.001691	0.4
1386	-0.180562	266.353460	18.422789	0.002665	0.4
1387	-0.178357	267.167060	18.370775	0.004109	0.4
1388	-0.164739	266.668728	18.402599	0.001584	0.5
1389	-0.166827	266.171696	18.434450	0.004447	0.5
1390	-0.155743	265.932788	18.449799	0.002589	0.5
1391	-0.159990	265.434453	18.481898	0.002521	0.5
1392	-0.174407	266.428142	18.418003	0.003920	0.5
1393	-0.167477	267.390876	18.356518	0.003246	0.4
1394	-0.173174	268.390802	18.293091	0.001804	0.5
1395	-0.159267	268.943531	18.258218	0.002410	0.7
1396	-0.192694	268.487489	18.286981	0.003291	0.5
1397	-0.174919	269.487348	18.224037	0.002342	0.5
1398	-0.168594	270.475296	18.162267	0.003427	0.5
1399	-0.182259	269.979922	18.193187	0.002515	0.4
1400	-0.193870	269.498689	18.223326	0.001757	0.5
1401	-0.175284	270.322873	18.171770	0.002687	0.5
1402	-0.164847	269.827954	18.202694	0.002405	0.4
1403	-0.175207	270.753378	18.144956	0.005865	0.5
1404	-0.138996	271.753377	18.082976	0.002750	0.5
1405	-0.172498	272.753377	18.021418	0.001483	0.5
1406	-0.177700	272.260640	18.051697	0.002453	0.5
1407	-0.164865	272.613850	18.029981	0.004167	0.5
1408	-0.169403	273.613630	17.968796	0.004555	0.4
1409	-0.148026	273.248917	17.991068	0.002407	0.5
1410	-0.175878	273.344455	17.985228	0.002743	0.5
1411	-0.168592	272.851037	18.015428	0.003329	0.5
1412	-0.191230	272.414906	18.042206	0.004569	0.4
1413	-0.167344	273.414906	17.980925	0.002551	0.4
1414	-0.183864	274.414905	17.920058	0.002205	0.4
1415	-0.163583	273.957603	17.947841	0.003941	0.5
1416	-0.179943	273.461094	17.978104	0.002715	0.5
1417	-0.180074	274.460887	17.917269	0.002045	0.5
1418	-0.138371	274.041529	17.942736	0.001469	0.5
1419	-0.169248	273.584032	17.970602	0.002023	0.5
1420	-0.192351	273.992287	17.945731	0.003123	0.5
1421	-0.181724	273.517949	17.974634	0.001586	0.5
1422	-0.192267	273.818815	17.956290	0.001260	0.4
1423	-0.152668	273.988497	17.945962	0.001454	0.4
1424	-0.161690	273.577592	17.970994	0.004247	0.5
1425	-0.162150	273.108249	17.999673	0.003394	0.5
1426	-0.158847	274.107714	17.938712	0.001909	0.5
1427	-0.178432	273.667629	17.965503	0.002239	0.6
1428	-0.208614	274.530927	17.913023	0.003574	0.6
1429	-0.158676	274.036718	17.943029	0.001994	0.5
1430	-0.159894	275.030797	17.882775	0.002922	0.5
1431	-0.164022	276.003087	17.824233	0.002518	0.5
1432	-0.185038	275.515968	17.853515	0.001687	0.5
1433	-0.164421	275.169205	17.874418	0.004048	0.5
1434	-0.181385	274.975467	17.886118	0.002590	0.5
1435	-0.174470	275.975181	17.825908	0.002534	0.4
1436	-0.170747	275.486558	17.855286	0.002625	0.5
1437	-0.175715	276.484032	17.795417	0.002975	0.4
1438	-0.174000	277.420885	17.739550	0.005115	0.4
1439	-0.136579	276.922550	17.769223	0.004043	0.4
1440	-0.161297	277.922382	17.709789	0.001836	0.4
1441	-0.163074	277.866038	17.713128	0.003870	0.4
1442	-0.172721	278.447880	17.678710	0.002778	0.5
1443	-0.169952	277.949550	17.708179	0.003119	0.5
1444	-0.167298	277.451490	17.737731	0.003862	0.4
1445	-0.169223	276.966731	17.766588	0.001820	0.4
1446	-0.183950	277.963004	17.707383	0.003006	0.4
1447	-0.174890	278.418407	17.680450	0.002382	0.4
1448	-0.188674	279.376399	17.624062	0.003081	0.5
1449	-0.158133	278.904473	17.651795	0.002083	0.5
1450	-0.163794	278.443103	17.678992	0.004580	0.5
1451	-0.183505	277.944807	17.708460	0.003192	0.4
1452	-0.178278	278.925708	17.650545	0.001031	0.4
1453	-0.176956	279.639494	17.608639	0.001280	0.4
1454	-0.154286	279.631367	17.609115	0.004047	0.4
1455	-0.175400	280.620871	17.551346	0.001241	0.4
1456	-0.147408	280.314447	17.569195	0.003309	0.4
1457	-0.161619	281.225706	17.516221	0.001613	0.4
1458	-0.157877	280.729692	17.545016	0.005649	0.4
1459	-0.161349	281.643075	17.492065	0.001266	0.4
1460	-0.173755	281.283096	17.512896	0.001092	0.4
1461	-0.178472	281.385544	17.506962	0.002535	0.6
1462	-0.167683	281.163437	17.519831	0.002348	0.5
1463	-0.184178	281.837274	17.480848	0.001766	0.5
1464	-0.186900	281.857577	17.479676	0.001691	0.4
1465	-0.174543	282.187035	17.460682	0.002808	0.5
1466	-0.166548	281.748531	17.485972	0.003132	0.4
1467	-0.163700	282.086366	17.466481	0.002475	0.5
1468	-0.163970	282.861437	17.421929	0.002516	0.5
1469	-0.161045	283.483575	17.386331	0.001667	0.4
1470	-0.147714	283.497510	17.385536	0.001811	0.4
1471	-0.138803	283.026576	17.412466	0.001471	0.4
1472	-0.165354	282.965089	17.415988	0.004291	0.5
1473	-0.202116	282.487675	17.443385	0.003156	0.4
1474	-0.143587	282.955285	17.416550	0.000825	0.4
1475	-0.172546	282.935619	17.417676	0.004071	0.4
1476	-0.169722	283.501915	17.385284	0.002554	0.4
1477	-0.161057	283.003581	17.413783	0.001550	0.5
1478	-0.188076	282.779049	17.426654	0.002978	0.4
1479	-0.172486	282.324935	17.452743	0.006287	0.5
1480	-0.197277	283.324935	17.395394	0.001821	0.5
1481	-0.183583	284.323341	17.338512	0.002927	0.5
1482	-0.175652	284.824423	17.310103	0.005659	0.5
1483	-0.156809	285.819030	17.253989	0.002243	0.4
1484	-0.156070	286.818770	17.197951	0.001311	0.5
1485	-0.182730	287.604526	17.154163	0.003880	0.5
1486	-0.156006	287.255596	17.173580	0.001500	0.5
1487	-0.168872	287.084023	17.183144	0.002582	0.4
1488	-0.175697	287.901713	17.137659	0.004758	0.5
1489	-0.162448	287.403414	17.165349	0.001894	0.4
1490	-0.162075	288.401583	17.109972	0.003051	0.6
1491	-0.172922	287.907805	17.137321	0.001381	0.4
1492	-0.176498	288.846539	17.085401	0.003229	0.4
1493	-0.193352	289.683737	17.039361	0.002394	0.4
1494	-0.176417	289.219405	17.064865	0.002286	0.5
1495	-0.184461	288.898146	17.082555	0.003791	0.6
1496	-0.148580	289.818780	17.031958	0.002083	0.5
1497	-0.178896	290.747012	16.981245	0.002478	0.4
1498	-0.163522	290.405708	16.999856	0.001164	0.5
1499	-0.179889	290.580707	16.990308	0.002707	0.5
1500	-0.175765	290.806075	16.978028	0.001861	0.4
1501	-0.153666	291.561497	16.936994	0.003986	0.4
1502	-0.168614	291.979245	16.914388	0.001807	0.4
1503	-0.205673	292.879047	16.865899	0.003596	0.5
1504	-0.163699	292.501281	16.886222	0.001289	0.5
1505	-0.164026	292.400746	16.891639	0.003771	0.5
1506	-0.153954	293.124973	16.852695	0.005630	0.5
1507	-0.175872	292.626638	16.879473	0.003041	0.5
1508	-0.177361	293.626623	16.825824	0.005181	0.4
1509	-0.139309	293.128288	16.852517	0.001823	0.4
1510	-0.154533	293.949807	16.808559	0.003612	0.5
1511	-0.174784	293.683955	16.822759	0.003179	0.4
1512	-0.154344	293.541884	16.830357	0.002499	0.5
1513	-0.153875	293.044228	16.857028	0.001382	0.5
1514	-0.172526	292.638277	16.878846	0.003195	0.7
1515	-0.145472	293.582121	16.828205	0.003584	0.4
1516	-0.171791	294.579396	16.775025	0.002859	0.5
1517	-0.174574	295.578688	16.722074	0.003019	0.5
1518	-0.160556	295.080529	16.748429	0.003046	0.4
1519	-0.159398	294.582659	16.774852	0.001165	0.5
1520	-0.180827	294.894334	16.758301	0.003403	0.8
1521	-0.202522	294.726314	16.767219	0.003552	0.5
1522	-0.151525	294.227980	16.793726	0.003925	0.5
1523	-0.151724	293.729649	16.820316	0.004927	0.5
1524	-0.188203	293.231313	16.846992	0.001992	0.5
1525	-0.181626	292.732990	16.873751	0.001986	0.5
1526	-0.183524	292.477799	16.887487	0.001926	0.7
1527	-0.168168	292.042066	16.910993	0.004144	0.5
1528	-0.169024	291.547610	16.937747	0.001894	0.4
1529	-0.172582	291.051600	16.964670	0.003118	0.5
1530	-0.182637	292.046565	16.910750	0.002186	0.5
1531	-0.173143	291.548607	16.937693	0.001915	0.5
1532	-0.164227	291.607203	16.934518	0.002624	0.4
1533	-0.169195	292.492283	16.886707	0.002214	0.5
1534	-0.172441	292.222414	16.901256	0.002043	0.4
1535	-0.156178	293.086164	16.854777	0.001440	0.4
1536	-0.167323	293.605458	16.826956	0.003379	0.4
1537	-0.173434	293.227797	16.847180	0.002734	0.4
1538	-0.157007	294.198631	16.795290	0.002251	0.4
1539	-0.174423	293.716074	16.821042	0.001645	0.5
1540	-0.164077	293.362570	16.839957	0.001353	0.5
1541	-0.181803	294.068539	16.802224	0.001831	0.5
1542	-0.164692	293.817906	16.815601	0.001453	0.5
1543	-0.190684	294.625205	16.772590	0.003855	0.5
1544	-0.159060	294.128181	16.799044	0.004334	0.5
1545	-0.152497	293.637138	16.825262	0.003854	0.5
1546	-0.137206	293.138830	16.851951	0.001406	0.5
1547	-0.175929	292.673728	16.876939	0.001699	0.4
1548	-0.170863	292.900523	16.864745	0.002448	0.4
1549	-0.160255	293.757985	16.818802	0.003516	0.4
1550	-0.174792	294.755729	16.765657	0.005011	0.4
1551	-0.168981	294.257394	16.792159	0.003785	0.4
1552	-0.168825	293.759058	16.818745	0.002493	0.4
1553	-0.167303	293.261139	16.845393	0.001793	0.4
1554	-0.184249	293.428222	16.836441	0.002222	0.5
1555	-0.176325	293.020544	16.858299	0.002447	0.5
1556	-0.155707	293.119641	16.852981	0.002558	0.4
1557	-0.178392	293.267525	16.845050	0.003948	0.4
1558	-0.167718	292.769215	16.871803	0.002828	0.4
1559	-0.173929	292.270883	16.898641	0.002410	0.6
1560	-0.176409	292.519103	16.885262	0.002599	0.5
1561	-0.175353	293.403875	16.837745	0.003438	0.5
1562	-0.171604	292.910543	16.864207	0.002126	0.4
1563	-0.174690	292.593663	16.881248	0.003247	0.4
1564	-0.182459	292.095880	16.908087	0.002587	0.5
1565	-0.183761	293.084573	16.854862	0.001472	0.4
1566	-0.168682	292.608795	16.880433	0.002060	0.4
1567	-0.177833	293.176148	16.849950	0.002233	0.5
1568	-0.183742	292.721806	16.874352	0.000772	0.4
1569	-0.142071	292.629928	16.879296	0.003797	0.4
1570	-0.162759	292.804650	16.869897	0.004006	0.4
1571	-0.169576	292.306446	16.896723	0.005685	0.5
1572	-0.180595	293.306446	16.842964	0.005097	0.5
1573	-0.178609	292.808111	16.869711	0.002336	0.4
1574	-0.181159	292.453351	16.888804	0.005525	0.4
1575	-0.183175	292.082203	16.908825	0.001735	0.4
1576	-0.157323	291.837652	16.922043	0.003540	0.4
1577	-0.162432	291.549429	16.937648	0.001858	0.5
1578	-0.193305	292.155377	16.904874	0.002594	0.5
1579	-0.180644	292.759697	16.872314	0.004042	0.4
1580	-0.151857	292.261510	16.899147	0.003708	0.5
1581	-0.175135	291.764228	16.926016	0.002213	0.5
1582	-0.201604	292.661802	16.877580	0.001910	0.5
1583	-0.149919	293.556318	16.829585	0.003200	0.4
1584	-0.177908	293.084395	16.854872	0.003839	0.4
1585	-0.192464	292.586095	16.881655	0.003642	0.5
1586	-0.176673	292.219372	16.901420	0.001824	0.4
1587	-0.168798	291.754889	16.926521	0.002272	0.4
1588	-0.183396	292.663413	16.877494	0.003867	0.5
1589	-0.156762	292.269564	16.898712	0.002475	0.5
1590	-0.173430	291.771333	16.925631	0.005423	0.5
1591	-0.161873	291.274614	16.952554	0.003216	0.4
1592	-0.177604	290.776279	16.979651	0.002196	0.7
1593	-0.189876	290.282327	17.006594	0.006032	0.6
1594	-0.180827	291.282224	16.952141	0.002451	0.5
1595	-0.176935	292.280733	16.898110	0.003453	0.5
1596	-0.194053	291.782478	16.925028	0.002518	0.4
1597	-0.148033	291.284240	16.952031	0.001793	0.5
1598	-0.175500	292.264617	16.898979	0.002373	0.5
1599	-0.165525	291.829514	16.922483	0.004399	0.4
1600	-0.185458	291.332663	16.949403	0.001250	0.5
1601	-0.166646	290.841335	16.976108	0.002120	0.5
1602	-0.167189	290.867267	16.974697	0.002871	0.5
1603	-0.163812	291.852746	16.921227	0.001928	0.4
1604	-0.183737	291.355571	16.948160	0.005544	0.4
1605	-0.171216	292.339769	16.894926	0.002085	0.4
1606	-0.152214	293.293224	16.843673	0.003551	0.5
1607	-0.163882	292.798762	16.870214	0.001998	0.4
1608	-0.191624	292.331033	16.895397	0.002230	0.4
1609	-0.157672	291.837674	16.922042	0.002273	0.4
1610	-0.180402	291.355075	16.948187	0.005407	0.4
1611	-0.168696	290.856802	16.975266	0.003600	0.5
1612	-0.183385	290.358467	17.002436	0.002842	0.4
1613	-0.173358	289.861042	17.029642	0.004123	0.4
1614	-0.173037	290.861032	16.975036	0.004030	0.4
1615	-0.170325	291.861032	16.920779	0.002366	0.4
1616	-0.192923	291.573687	16.936334	0.001240	0.4
1617	-0.168271	291.212977	16.955901	0.005784	0.4
1618	-0.174677	292.201974	16.902359	0.003598	0.4
1619	-0.167085	291.703639	16.929295	0.003887	0.4
1620	-0.186043	291.208025	16.956170	0.004682	0.5
1621	-0.147462	292.141486	16.905624	0.003622	0.4
1622	-0.184869	293.141486	16.851809	0.004177	0.5
1623	-0.162304	292.643533	16.878563	0.003833	0.4
1624	-0.175220	293.643533	16.824920	0.001433	0.4
1625	-0.189706	293.152394	16.851224	0.003769	0.7
1626	-0.174348	292.946221	16.862290	0.004173	0.6
1627	-0.180697	292.447888	16.889099	0.003006	0.5
1628	-0.167264	291.951949	16.915863	0.001856	0.5
1629	-0.165410	292.166942	16.904250	0.002659	0.5
1630	-0.158198	291.897262	16.918819	0.003717	0.5
1631	-0.162575	291.400815	16.945706	0.001087	0.5
1632	-0.169294	290.964803	16.969390	0.004419	0.5
1633	-0.171389	290.481682	16.995710	0.002928	0.5
1634	-0.170058	289.983367	17.022943	0.002340	0.4
1635	-0.169206	289.506823	17.049069	0.002206	0.4
1636	-0.156795	289.118121	17.070438	0.002809	0.4
1637	-0.180701	289.472434	17.050957	0.004424	0.5
1638	-0.190448	290.472431	16.996215	0.002586	0.4
1639	-0.159568	291.081875	16.963024	0.003479	0.5
1640	-0.179696	291.798744	16.924148	0.001937	0.4
1641	-0.180406	291.313420	16.950448	0.002897	0.5
1642	-0.182555	291.084905	16.962859	0.005384	0.5
1643	-0.183212	290.596277	16.989459	0.003054	0.5
1644	-0.200519	291.586593	16.935634	0.003254	0.5
1645	-0.189590	291.736825	16.927499	0.002535	0.6
1646	-0.174620	291.255016	16.953618	0.003072	0.5
1647	-0.170095	290.761819	16.980438	0.002977	0.6
1648	-0.177798	291.487880	16.940984	0.006710	0.5
1649	-0.158829	290.997340	16.967620	0.003912	0.5
1650	-0.179458	291.997340	16.913410	0.002791	0.5
1651	-0.161065	291.499196	16.940371	0.002894	0.5
1652	-0.163366	292.498523	16.886371	0.003706	0.5
1653	-0.155535	293.498503	16.832679	0.003824	0.5
1654	-0.187596	293.000168	16.859393	0.002071	0.5
1655	-0.177592	292.506340	16.885950	0.002302	0.5
1656	-0.181184	293.033525	16.857602	0.006208	0.9
1657	-0.169640	293.114009	16.853283	0.004178	0.6
1658	-0.167793	294.114009	16.799800	0.003731	0.6
1659	-0.165557	293.615679	16.826410	0.002728	0.7
1660	-0.175685	294.597670	16.774054	0.004001	0.5
1661	-0.178537	295.597600	16.721075	0.002876	0.6
1662	-0.155791	296.594598	16.668584	0.001143	0.5
1663	-0.159933	296.941767	16.650383	0.003319	0.5
1664	-0.186110	296.864830	16.654413	0.004327	0.5
1665	-0.157215	296.366494	16.680564	0.001359	0.5
1666	-0.167923	297.157943	16.639070	0.001699	0.5
1667	-0.163366	296.711047	16.662475	0.002849	0.5
1668	-0.157642	296.325636	16.682712	0.003336	0.5
1669	-0.163990	295.833707	16.708615	0.002984	0.5
1670	-0.175063	296.833683	16.656045	0.002196	0.5
1671	-0.156241	296.526579	16.672155	0.004579	0.5
1672	-0.162051	297.526505	16.619817	0.004029	0.5
1673	-0.192185	297.028173	16.645859	0.003909	0.5
1674	-0.151941	296.529839	16.671984	0.003532	0.5
1675	-0.162835	297.529838	16.619643	0.002227	0.4
1676	-0.179077	297.904092	16.600139	0.001988	0.5
1677	-0.156148	297.494876	16.621468	0.003804	0.4
1678	-0.166822	297.734848	16.608954	0.007465	0.4
1679	-0.177582	298.734848	16.557008	0.004495	0.4
1680	-0.168651	299.734848	16.505385	0.002731	0.5
1681	-0.162862	299.236879	16.531051	0.002875	0.5
1682	-0.164759	300.233788	16.479749	0.004071	0.5
1683	-0.175679	299.735471	16.505353	0.004264	0.4
1684	-0.171885	300.735471	16.454052	0.005885	0.5
1685	-0.192664	301.735471	16.403069	0.001446	0.5
1686	-0.183383	302.709121	16.353732	0.001547	0.4
1687	-0.146831	302.293042	16.374779	0.002692	0.6
1688	-0.154257	302.785126	16.349893	0.002771	0.6
1689	-0.171695	303.781149	16.299752	0.002383	0.5
1690	-0.180029	303.292065	16.324335	0.002679	0.4
1691	-0.178480	302.807732	16.348752	0.003618	0.5
1692	-0.181183	302.309404	16.373951	0.002480	0.4
1693	-0.154299	301.955571	16.391890	0.002786	0.5
1694	-0.162898	302.812372	16.348518	0.001818	0.4
1695	-0.169605	302.315685	16.373633	0.001621	0.4
1696	-0.177126	301.929407	16.393218	0.005692	0.4
1697	-0.186495	302.417784	16.368464	0.002056	0.4
1698	-0.172676	303.293878	16.324244	0.005110	0.5
1699	-0.165725	303.793339	16.299141	0.002137	0.5
1700	-0.160753	303.295714	16.324151	0.002625	0.5
1701	-0.185464	302.873381	16.345438	0.003398	0.5
1702	-0.157761	303.859570	16.295818	0.002433	0.5
1703	-0.164875	303.799126	16.298850	0.003142	0.4
1704	-0.155823	303.357344	16.321050	0.002956	0.4
1705	-0.144398	302.889059	16.344647	0.002368	0.5
1706	-0.167907	303.850732	16.296261	0.001811	0.5
1707	-0.175903	303.385130	16.319652	0.002073	0.5
1708	-0.184246	303.972286	16.290165	0.004236	0.5
1709	-0.166085	303.497192	16.314016	0.003279	0.5
1710	-0.171936	304.493567	16.264077	0.007814	0.5
1711	-0.161470	303.995232	16.289015	0.002506	0.5
1712	-0.158426	304.991157	16.239251	0.003558	0.5
1713	-0.170887	305.343450	16.221721	0.005195	0.4
1714	-0.172731	305.153000	16.231193	0.005151	0.5
1715	-0.194934	306.152482	16.181605	0.002872	0.5
1716	-0.173964	307.152480	16.132294	0.002676	0.5
1717	-0.177368	306.657836	16.156648	0.002185	0.5
1718	-0.164801	307.652729	16.107739	0.001933	0.4
1719	-0.150348	307.209400	16.129496	0.003502	0.5
1720	-0.170788	306.733789	16.152904	0.003949	0.8
1721	-0.196894	306.235820	16.177484	0.003914	0.6
1722	-0.192238	305.737485	16.202158	0.003647	0.5
1723	-0.151369	305.239150	16.226907	0.001266	0.5
1724	-0.164855	304.933377	16.242130	0.001326	0.5
1725	-0.172965	305.331793	16.222300	0.001802	0.5
1726	-0.205762	305.000876	16.238767	0.002537	0.5
1727	-0.173932	304.555427	16.260986	0.006667	0.5
1728	-0.173569	304.956299	16.240988	0.003763	0.5
1729	-0.161536	305.956299	16.191315	0.001267	0.4
1730	-0.191213	306.728485	16.153165	0.003519	0.5
1731	-0.183576	307.125708	16.133610	0.003787	0.5
1732	-0.166218	308.125567	16.084598	0.002661	0.5
1733	-0.161386	307.648698	16.107936	0.002836	0.5
1734	-0.209704	307.152775	16.132279	0.002617	0.5
1735	-0.191405	306.657487	16.156665	0.004507	0.4
1736	-0.160821	307.646963	16.108021	0.002244	0.5
1737	-0.185470	307.155029	16.132169	0.003662	0.5
1738	-0.173620	308.154711	16.083173	0.002595	0.5
1739	-0.180436	308.915800	16.046071	0.004394	0.5
1740	-0.177203	308.816428	16.050905	0.002052	0.5
1741	-0.166662	309.739343	16.006116	0.003487	0.5
1742	-0.159237	310.659682	15.961700	0.002954	0.5
1743	-0.184488	310.161422	15.985715	0.003817	0.5
1744	-0.177978	311.160210	15.937647	0.003626	0.5
1745	-0.155790	310.730389	15.958298	0.003123	0.5
1746	-0.175993	310.232277	15.982296	0.005818	0.4
1747	-0.204886	309.733942	16.006377	0.002699	0.4
1748	-0.177840	310.706869	15.959429	0.002345	0.5
1749	-0.179309	311.693683	15.912091	0.003919	0.6
1750	-0.172947	311.204299	15.935532	0.001846	0.9
1751	-0.156927	310.775703	15.956118	0.004124	0.7
1752	-0.156274	310.515426	15.968645	0.003238	0.5
1753	-0.180847	310.017091	15.992686	0.003403	0.5
1754	-0.161799	311.017089	15.944517	0.004068	0.5
1755	-0.188277	310.518755	15.968485	0.003678	0.5
1756	-0.185336	310.020421	15.992525	0.002853	0.5
1757	-0.163085	310.948756	15.947800	0.001899	0.5
1758	-0.167024	310.454280	15.971591	0.001766	0.5
1759	-0.160869	310.063569	15.990440	0.003651	0.5
1760	-0.170433	311.016700	15.944536	0.004577	0.5
1761	-0.178344	312.016690	15.896658	0.003254	0.4
1762	-0.160470	312.999610	15.849876	0.001576	0.5
1763	-0.163700	312.503411	15.873458	0.001672	0.5
1764	-0.187046	312.861597	15.856428	0.003950	0.5
1765	-0.164039	313.728377	15.815367	0.004281	0.5
1766	-0.173177	314.728342	15.768261	0.003616	0.5
1767	-0.176370	314.230007	15.791702	0.002952	0.5
1768	-0.166121	313.731674	15.815212	0.003468	0.4
1769	-0.146872	314.726245	15.768360	0.002485	0.4
1770	-0.182888	314.228075	15.791793	0.002734	0.5
1771	-0.150676	314.235654	15.791436	0.001522	0.5
1772	-0.170142	313.749253	15.814381	0.002363	0.5
1773	-0.174268	313.321443	15.834618	0.001748	0.5
1774	-0.154492	312.955620	15.851963	0.004676	0.5
1775	-0.210450	312.488227	15.874180	0.004803	0.5
1776	-0.140685	313.488226	15.826722	0.005371	0.6
1777	-0.187543	314.488226	15.779547	0.001968	0.5
1778	-0.180413	313.990169	15.803008	0.002048	0.5
1779	-0.166979	313.618901	15.820542	0.003437	0.5
1780	-0.167964	313.297909	15.835733	0.001905	0.7
1781	-0.182365	312.814217	15.858678	0.001526	0.7
1782	-0.168959	313.138809	15.843273	0.002562	0.5
1783	-0.175604	313.716300	15.815938	0.002350	0.5
1784	-0.185294	313.218546	15.839493	0.003132	0.5
1785	-0.164927	314.206648	15.792802	0.002451	0.4
1786	-0.157028	315.038463	15.753709	0.002480	0.4
1787	-0.163391	316.027086	15.707498	0.002537	0.5
1788	-0.153635	315.530331	15.730684	0.001434	0.4
1789	-0.160612	315.071449	15.752163	0.003502	0.4
1790	-0.165738	315.827710	15.716796	0.002908	0.4
1791	-0.165584	315.329379	15.740083	0.001272	0.4
1792	-0.170671	315.108524	15.750426	0.002806	0.5
1793	-0.183325	314.659696	15.771486	0.003460	0.4
1794	-0.200086	315.658817	15.724680	0.002146	0.5
1795	-0.171146	315.162667	15.747889	0.001790	0.4
1796	-0.154359	314.976310	15.756624	0.002692	0.4
1797	-0.142573	314.602498	15.774174	0.003164	0.4
1798	-0.170435	314.104943	15.797595	0.002289	0.4
1799	-0.196170	315.104098	15.750633	0.006270	0.4
1800	-0.182631	314.605763	15.774021	0.002784	0.5
1801	-0.167540	314.107458	15.797477	0.002661	0.4
1802	-0.173937	315.098602	15.750890	0.003504	0.5
1803	-0.158822	316.049451	15.706456	0.002546	0.4
1804	-0.170023	315.646647	15.725249	0.002776	0.4
1805	-0.189570	315.168396	15.747620	0.001463	0.4
1806	-0.202604	315.831317	15.716627	0.005620	0.5
1807	-0.180263	315.570676	15.728798	0.002166	0.5
1808	-0.156558	316.398751	15.690195	0.004167	0.4
1809	-0.147572	317.398345	15.643848	0.001519	0.4
1810	-0.157766	316.902528	15.666803	0.001378	0.4
1811	-0.161532	316.486854	15.686099	0.003475	0.5
1812	-0.175704	317.383437	15.644537	0.002427	0.5
1813	-0.157045	318.382361	15.598490	0.001972	0.6
1814	-0.155971	317.943797	15.618673	0.007894	0.6
1815	-0.162425	318.897682	15.574841	0.003052	0.5
1816	-0.170679	319.897682	15.529153	0.001126	0.4
1817	-0.174870	319.433902	15.550309	0.002097	0.4
1818	-0.127329	319.746110	15.536061	0.002879	0.5
1819	-0.167702	319.259302	15.558288	0.003417	0.4
1820	-0.159509	320.202331	15.515288	0.002982	0.4
1821	-0.183617	319.703998	15.537981	0.002235	0.4
1822	-0.177107	319.207026	15.560679	0.002244	0.4
1823	-0.167847	318.714942	15.583219	0.002149	0.4
1824	-0.154015	318.697451	15.584021	0.002580	0.4
1825	-0.197367	318.231581	15.605423	0.003034	0.4
1826	-0.191774	317.827714	15.624024	0.002420	0.4
1827	-0.191531	317.499357	15.639180	0.002348	0.4
1828	-0.171059	317.382942	15.644560	0.002757	0.4
1829	-0.189629	318.324030	15.601171	0.004481	0.4
1830	-0.172988	317.826119	15.624097	0.001925	0.5
1831	-0.183710	317.458718	15.641058	0.004830	0.4
1832	-0.173915	318.424058	15.596574	0.001239	0.4
1833	-0.156197	318.055590	15.613523	0.007651	0.5
1834	-0.202579	318.742131	15.581972	0.002410	0.5
1835	-0.157082	318.243797	15.604861	0.002617	0.4
1836	-0.161561	317.765287	15.626903	0.004935	0.4
1837	-0.162373	318.660040	15.585738	0.003705	0.4
1838	-0.158793	318.161705	15.608638	0.001702	0.6
1839	-0.157283	319.020370	15.569221	0.004895	0.5
1840	-0.172225	319.992329	15.524843	0.003472	0.5
1841	-0.173185	319.494127	15.547558	0.002103	0.4
1842	-0.164987	320.230630	15.514001	0.002504	0.5
1843	-0.192727	320.411071	15.505801	0.003862	0.4
1844	-0.184229	321.409552	15.460586	0.001294	0.4
1845	-0.175855	321.956728	15.435919	0.001639	0.7
1846	-0.158026	321.791063	15.443379	0.002696	0.5
1847	-0.180564	321.300994	15.465489	0.003150	0.6
1848	-0.154409	320.804984	15.487932	0.003500	0.5
1849	-0.187185	321.804969	15.442752	0.002979	0.5
1850	-0.173186	321.314346	15.464886	0.001803	0.4
1851	-0.185925	322.274420	15.421633	0.001966	0.5
1852	-0.182152	323.198853	15.380215	0.002546	0.5
1853	-0.184567	322.956372	15.391057	0.002950	0.5
1854	-0.163100	322.479038	15.412446	0.002843	0.6
1855	-0.163241	321.981469	15.434806	0.001673	0.5
1856	-0.176691	321.494118	15.456768	0.002432	0.4
1857	-0.143460	322.167736	15.426428	0.002444	0.5
1858	-0.173559	321.670929	15.448793	0.002034	0.4
1859	-0.187490	321.179363	15.470986	0.001258	0.5
1860	-0.187009	320.757188	15.490098	0.003004	0.5
1861	-0.186879	320.276728	15.511905	0.005690	0.4
1862	-0.181660	319.778877	15.534567	0.003083	0.4
1863	-0.178115	319.280598	15.557314	0.002421	0.5
1864	-0.166879	320.278735	15.511814	0.002896	0.5
1865	-0.191238	321.242819	15.468118	0.004117	0.4
1866	-0.175926	322.242818	15.423053	0.002001	0.4
1867	-0.168355	323.183407	15.380905	0.001841	0.4
1868	-0.171367	323.238693	15.378435	0.002407	0.5
1869	-0.175369	324.123554	15.339006	0.000958	0.4
1870	-0.154174	324.282265	15.331955	0.001748	0.4
1871	-0.168613	324.254885	15.333171	0.001856	0.4
1872	-0.169125	323.821089	15.352461	0.007109	0.4
1873	-0.186314	323.322926	15.374673	0.001370	0.5
1874	-0.144282	324.162891	15.337258	0.002710	0.4
1875	-0.156859	323.744002	15.355894	0.002004	0.5
1876	-0.183060	323.251084	15.377881	0.002446	0.4
1877	-0.165162	323.402101	15.371138	0.001219	0.4
1878	-0.149153	323.266120	15.377210	0.002591	0.5
1879	-0.182378	323.945834	15.346909	0.004200	0.4
1880	-0.200230	324.945762	15.302550	0.001484	0.5
1881	-0.175413	324.465055	15.323843	0.001632	0.6
1882	-0.188895	324.258804	15.332997	0.005131	0.5
1883	-0.180138	325.258550	15.288727	0.002387	0.4
1884	-0.162409	324.760215	15.310762	0.001425	0.4
1885	-0.147319	325.633835	15.272174	0.003841	0.4
1886	-0.138031	326.626110	15.228581	0.001675	0.5
1887	-0.169336	327.592739	15.186353	0.003710	0.4
1888	-0.178104	327.095806	15.208032	0.002256	0.4
1889	-0.200181	326.597575	15.229831	0.003585	0.4
1890	-0.182294	326.099361	15.251691	0.001545	0.4
1891	-0.159575	325.622056	15.272693	0.002556	0.4
1892	-0.170143	326.514036	15.233492	0.000999	0.4
1893	-0.181909	326.314365	15.242250	0.002081	0.4
1894	-0.150633	326.382465	15.239262	0.002707	0.4
1895	-0.162304	327.371127	15.196013	0.001546	0.4
1896	-0.169515	327.378590	15.195688	0.001468	0.4
1897	-0.155410	328.023403	15.167614	0.003031	0.4
1898	-0.186727	327.737296	15.180058	0.000928	0.4
1899	-0.187301	327.736830	15.180078	0.001547	0.4
1900	-0.159388	327.687883	15.182209	0.002456	0.5
1901	-0.187833	327.223781	15.202443	0.003352	0.5
1902	-0.172186	328.222294	15.158976	0.003202	0.5
1903	-0.169127	329.222235	15.115694	0.001069	0.4
1904	-0.168141	329.947181	15.084470	0.003436	0.4
1905	-0.141957	330.711214	15.051702	0.002631	0.5
1906	-0.176679	331.710353	15.009064	0.006566	0.4
1907	-0.174522	331.705854	15.009256	0.002997	0.4
1908	-0.178432	332.705854	14.966821	0.001069	0.4
1909	-0.184612	333.251164	14.943782	0.004784	0.4
1910	-0.184349	333.345538	14.939802	0.002193	0.5
1911	-0.175564	334.344552	14.897801	0.005888	0.5
1912	-0.181210	335.343055	14.856056	0.001977	0.5
1913	-0.170043	334.844759	14.876859	0.002212	0.4
1914	-0.196307	335.814935	14.836409	0.001940	0.8
1915	-0.136194	335.459383	14.851208	0.003143	0.6
1916	-0.182400	336.090092	14.824977	0.004253	0.5
1917	-0.177225	337.090091	14.783577	0.004763	0.5
1918	-0.181902	338.090058	14.742408	0.004487	0.4
1919	-0.181164	339.090050	14.701468	0.002655	0.4
1920	-0.161301	338.591725	14.721841	0.003682	0.5
1921	-0.178798	338.093452	14.742269	0.001667	0.5
1922	-0.184742	337.941967	14.748491	0.002539	0.4
1923	-0.168385	337.711377	14.757971	0.002495	0.4
1924	-0.183264	337.235042	14.777595	0.001326	0.4
1925	-0.165696	337.047584	14.785332	0.003301	0.4
1926	-0.156181	338.025407	14.745063	0.004784	0.5
1927	-0.164567	339.025407	14.704107	0.004509	0.4
1928	-0.190058	338.527072	14.724489	0.002167	0.4
1929	-0.168177	339.053901	14.702944	0.002709	0.4
1930	-0.153022	339.201403	14.696923	0.004487	0.4
1931	-0.173051	338.703451	14.717269	0.004530	0.5
1932	-0.188466	338.205116	14.737686	0.002224	0.5
1933	-0.181878	338.999730	14.705156	0.003237	0.4
1934	-0.150457	339.999448	14.664433	0.002719	0.5
1935	-0.175323	339.743742	14.674828	0.005567	0.7
1936	-0.177386	340.743735	14.634261	0.002857	0.4
1937	-0.163275	340.245400	14.654449	0.004301	0.5
1938	-0.193501	339.747076	14.674692	0.002201	0.4
1939	-0.186271	339.250469	14.694921	0.003437	0.4
1940	-0.140168	338.770924	14.714508	0.005416	0.7
1941	-0.166888	338.274750	14.734830	0.002576	0.4
1942	-0.164260	337.776736	14.755283	0.001391	0.4
1943	-0.172635	337.636001	14.761073	0.003981	0.4
1944	-0.155263	337.206686	14.778765	0.002614	0.4
1945	-0.159366	338.051465	14.743993	0.002042	0.5
1946	-0.169437	337.558724	14.764255	0.002303	0.4
1947	-0.175006	337.099329	14.783195	0.002976	0.5
1948	-0.181491	336.607872	14.803512	0.001015	0.6
1949	-0.188938	336.715561	14.799055	0.003425	0.5
1950	-0.179603	336.772649	14.796694	0.001005	0.4
1951	-0.184178	336.639912	14.802185	0.004827	0.4
1952	-0.175907	336.264093	14.817756	0.003375	0.4
1953	-0.181395	335.771648	14.838209	0.002156	0.5
1954	-0.155351	335.335732	14.856361	0.004286	0.5
1955	-0.188591	334.838094	14.877138	0.001728	0.4
1956	-0.179706	334.863277	14.876085	0.001493	0.4
1957	-0.189443	334.634311	14.885662	0.002315	0.4
1958	-0.153323	334.398609	14.895535	0.001289	0.4
1959	-0.151203	335.184445	14.862671	0.006306	0.4
1960	-0.191222	334.794017	14.878981	0.001546	0.4
1961	-0.165545	335.768168	14.838354	0.003272	0.4
1962	-0.169530	335.636536	14.843830	0.002192	0.5
1963	-0.155031	336.630237	14.802586	0.002523	0.5
1964	-0.172911	336.147094	14.822611	0.002508	0.5
1965	-0.176225	335.654727	14.843073	0.001578	0.5
1966	-0.189146	335.927586	14.831726	0.003154	0.5
1967	-0.171663	336.391177	14.812487	0.001384	0.4
1968	-0.177652	337.351427	14.772795	0.004156	0.4
1969	-0.159965	337.956524	14.747893	0.002992	0.4
1970	-0.152726	337.663171	14.759955	0.003622	0.7
1971	-0.179650	338.662629	14.718939	0.004299	0.4
1972	-0.165819	339.662629	14.678128	0.004365	0.4
1973	-0.168909	339.164293	14.698437	0.002423	0.4
1974	-0.156652	339.785186	14.673142	0.003491	0.5
1975	-0.200273	339.288705	14.693362	0.002658	0.4
1976	-0.159463	338.795032	14.713522	0.004676	0.4
1977	-0.174419	339.794741	14.672753	0.002695	0.4
1978	-0.173793	339.303777	14.692747	0.001441	0.5
1979	-0.176942	338.909072	14.708860	0.001981	0.5
1980	-0.170801	339.332113	14.691592	0.002415	0.4
1981	-0.171850	339.331820	14.691604	0.003503	0.5
1982	-0.167481	340.325325	14.651207	0.002794	0.6
1983	-0.162365	341.325280	14.610773	0.003227	0.5
1984	-0.166960	342.325243	14.570560	0.002402	0.4
1985	-0.192697	343.325060	14.530574	0.003133	0.4
1986	-0.196361	344.323598	14.490858	0.003617	0.4
1987	-0.179123	345.321755	14.451373	0.002116	0.5
1988	-0.156216	344.832933	14.470683	0.002553	0.4
1989	-0.179205	345.800243	14.432521	0.002315	0.6
1990	-0.156440	346.766375	14.394607	0.001659	0.4
1991	-0.167201	346.301524	14.412824	0.003900	0.6
1992	-0.192191	347.287618	14.374234	0.003410	0.5
1993	-0.152600	346.789288	14.393710	0.001286	0.6
1994	-0.188032	346.719309	14.396449	0.003562	0.5
1995	-0.144827	347.590481	14.362423	0.003790	0.5
1996	-0.159217	347.092150	14.381867	0.001557	0.4
1997	-0.146655	346.615545	14.400513	0.002734	0.4
1998	-0.171952	347.349945	14.371801	0.001880	0.4
1999	-0.158143	347.672420	14.359231	0.002941	0.4
