(BSplineTransformSplineOrder 3)
(Direction 1 0 0 1)
(FixedImageDimension 2)
(FixedInternalImagePixelType "float")
(GridDirection 1 0 0 1)
(GridIndex 0 0)
(GridOrigin -29.537317201516906 -29.47144680429207)
(GridSize 35 35)
(GridSpacing 9.228384929591108 9.228384929591108)
(HowToCombineTransforms "Compose")
(Index 0 0)
(InitialTransformParametersFileName "elx_out\TransformParameters.0.txt")
(MovingImageDimension 2)
(MovingInternalImagePixelType "float")
(NumberOfParameters 2450)
(Origin 0 0)
(Size 256 256)
(Spacing 1 1)
(Transform "BSplineTransform")
(TransformParameters -0.005380822137289159 -0.014192618552277315 -0.01845747780376843 -0.024154265615797383 -0.030829464647336213 -0.03872616239945972 -0.04762562204754118 -0.05759434939375249 -0.0686656927455014 -0.08080815244914684 -0.09398784825003238 -0.10794646559995055 -0.12242551903122209 -0.13716126177547858 -0.15188993479275054 -0.1663346335312781 -0.18021845255633986 -0.19326391928281755 -0.20519356103568925 -0.2158029945792421 -0.22488783630201403 -0.23224106719156104 -0.2376556630647887 -0.24084339333422694 -0.24151595539905646 -0.2393489680632951 -0.2340170471147212 -0.22620250752720072 -0.2165736940605603 -0.20534486271089572 -0.19253568949394972 -0.17952230759092103 -0.16497070067209763 -0.15061044707827068 -0.10042361197784107 -0.017181629152548998 -0.045424744492642305 -0.05911119964352897 -0.07741746375917762 -0.09890516226668855 -0.1243701851020088 -0.15312834301312045 -0.18541028127559148 -0.2213403802603556 -0.26083531807095417 -0.30380414333403677 -0.3492342268685685 -0.39611239172168866 -0.44340861167265194 -0.4900928211720588 -0.5350946735411355 -0.5773438192718245 -0.6157681410284561 -0.6492955211940646 -0.6776164167121853 -0.7004212834175539 -0.7173928169025786 -0.7282136975178101 -0.7323287384393504 -0.729182540566047 -0.7181135649363621 -0.698457315949042 -0.6721592000034357 -0.6411234428201712 -0.6059186736242876 -0.5665399487785191 -0.5269936194257097 -0.48329719731517445 -0.44053989245886155 -0.2925407362216609 -0.02305540689217403 -0.06097663058501573 -0.07935670729540709 -0.10394624555678961 -0.1328173030007593 -0.16704215393626054 -0.20570584212683116 -0.24912186124029467 -0.2974610282106178 -0.3506153153902112 -0.40846645140287824 -0.46961454384431106 -0.5326589648435391 -0.5961764665697461 -0.6587437483874494 -0.7188838291313239 -0.7751197238374149 -0.8259720848592842 -0.869961564174316 -0.9067478835465093 -0.9359907632719491 -0.9573396538915384 -0.9704439857715698 -0.9746386988216559 -0.9692584519748014 -0.9534974642075265 -0.9265460409984881 -0.8909635616165839 -0.849254897337227 -0.8021577811395478 -0.7496507475917057 -0.6970248368441956 -0.6389968192872619 -0.5823007573224006 -0.386390135118488 -0.02372828400113537 -0.07223199180045252 -0.0965067215100638 -0.12929692238677126 -0.16803012769154402 -0.21404101410820553 -0.266128617835446 -0.3246805641149868 -0.3899024273925313 -0.46164965502824545 -0.5397646237232094 -0.6223236335793654 -0.7074020462675027 -0.7930467662978251 -0.8773046308035084 -0.9581062612527289 -1.0333822742664485 -1.101060274680886 -1.1590678668482268 -1.2070869788451357 -1.2447995368190352 -1.2718739990051058 -1.2879787971132055 -1.2922575547828208 -1.2838535262281696 -1.261725707126698 -1.2248279477275175 -1.1765310831664857 -1.1201342820081033 -1.0566187296289506 -0.9859674248349385 -0.9152737132024543 -0.837727994889956 -0.7623965553522541 -0.5047026307639143 -0.011330283002078877 -0.06782471298999529 -0.09826158158313952 -0.14022903854039148 -0.19042236494222906 -0.2502845518111802 -0.318322614293929 -0.3949427306812491 -0.4803402856797946 -0.5743213176679236 -0.6766767307255875 -0.7848670229002235 -0.8963516056454695 -1.0085580865613588 -1.1189139952331193 -1.224575881299363 -1.322700288785154 -1.4104402614796279 -1.4849488425970727 -1.5460406474569186 -1.593530288944303 -1.6272154589706633 -1.646893815942186 -1.651394735082818 -1.6395471249774227 -1.6099481180953192 -1.5611883474639452 -1.4975724608410879 -1.4233145804372151 -1.3397143574615589 -1.246810584902748 -1.1539609928869465 -1.052961821999078 -0.9558507644794562 -0.6300655172116316 0.021060907143136156 -0.03889735413773992 -0.07558727658204048 -0.12778103051879608 -0.19134211482150582 -0.2675721456748561 -0.3546920352597832 -0.45303736051217486 -0.5627225137654227 -0.683486113167513 -0.8150508965269098 -0.9541524648235586 -1.097525278880241 -1.2418727656400173 -1.3838982701852516 -1.5197419014224445 -1.6455437623656202 -1.7574402467041033 -1.8515677474932521 -1.9280351095873873 -1.9869511748578814 -2.028404182200001 -2.0524823293819234 -2.0575169777456987 -2.0418389158371237 -2.003496184811404 -1.9405288478033393 -1.8583226883576989 -1.7621523705298414 -1.6537394846325344 -1.533257926147238 -1.412945343006581 -1.2834827749944018 -1.1607376213205218 -0.7603324619432145 0.08098477012444216 0.02504088908661567 -0.017323722242836896 -0.0802058522828592 -0.15857739780218857 -0.25322440862024465 -0.36212389372144005 -0.4854095232793164 -0.623013287392268 -0.7745859644846744 -0.939763853004195 -1.1144708164663744 -1.294629678771114 -1.4761393487606969 -1.6548986606350637 -1.825769621475509 -1.9836142329862552 -2.1232910393517055 -2.239658584119585 -2.3333382188996716 -2.4049512917651166 -2.455094931188744 -2.484366216767167 -2.4903680437812814 -2.470702626781688 -2.422638922012357 -2.3434364043694575 -2.239668105681567 -2.117774999638477 -1.9800139567506598 -1.8268025149333853 -1.673889472097604 -1.5114050279601838 -1.3599477790637213 -0.8832952798290349 0.17416471892784174 0.13075891563110723 0.08329294873583531 0.008608311375030334 -0.08773240244819526 -0.2060062835089256 -0.3444283403180882 -0.5008228973111256 -0.6728662280615614 -0.8581410033903163 -1.0542192645458037 -1.2598640494187812 -1.473837632730921 -1.6948927845471198 -1.9217822201377053 -2.1445518270748876 -2.3532474889759123 -2.5379124353851794 -2.688589895272 -2.8070211671385503 -2.8949475453904663 -2.954082875923689 -2.986140947857567 -2.989171313071294 -2.961222732668125 -2.8999650819814247 -2.803057222257923 -2.676040226671412 -2.5243017619587733 -2.348483761403003 -2.1470914822570517 -1.9430940719420864 -1.7297006198956728 -1.5371125439905768 -0.9810271263590523 0.30636847754209656 0.2851428947253271 0.23317924885744032 0.14497326436037283 0.02584428492079644 -0.12436115229185951 -0.3050194092137424 -0.5075612763600575 -0.7233617508947775 -0.9439954749853244 -1.1610330850178996 -1.3834682829013374 -1.6202944829422004 -1.8805182830107832 -2.173146260326739 -2.476596781226285 -2.7692882105391354 -3.0296377093699265 -3.2360624383827714 -3.392420653369239 -3.502570605459845 -3.5703405976846403 -3.5995588682592605 -3.591303338840152 -3.5466510283430943 -3.4662640124019624 -3.3507917930958033 -3.2001942072691336 -3.014255964739237 -2.787588950770629 -2.5123658458011584 -2.225553423274547 -1.9301447160885628 -1.6747730901396063 -1.034878748508306 0.4834492237334923 0.4953051110504711 0.4395459999257912 0.33558637489547827 0.18729682098512937 -0.0061125589105428275 -0.24654766368608833 -0.5129836337075975 -0.7844757346461383 -1.0406913903741137 -1.2613037775031983 -1.4766746911975164 -1.7171663396491466 -2.0131861507634206 -2.3951415820978124 -2.81974433776433 -3.243706123977085 -3.623739636540386 -3.916557571035618 -4.129522696301883 -4.269997775955044 -4.345314186672603 -4.3628032322299495 -4.330561565073685 -4.25668482224436 -4.148830223381854 -4.014640845344042 -3.841609898005025 -3.617033607697429 -3.3228153152739464 -2.9381147347889165 -2.523714183931193 -2.1021821887541123 -1.753348794708089 -1.0247945911444871 0.7112633166551723 0.7683662689151353 0.7096149831755946 0.5871593697356515 0.4017877138373224 0.15093903972821185 -0.1716352271294597 -0.5244144884728391 -0.8661429037034177 -1.1567222341814891 -1.3560732500134545 -1.5308094113168091 -1.7475455429754647 -2.0729841468983863 -2.573827822978226 -3.1717349462726054 -3.7883638988442914 -4.345377085019567 -4.7644369092125824 -5.058188783675123 -5.239278114883197 -5.320318877106887 -5.313924963666925 -5.2406108395694755 -5.120889842305037 -4.974829033591279 -4.822479770875711 -4.62964679232607 -4.361916103843604 -3.9795405240358175 -3.439726324049745 -2.839929215655115 -2.235171978441318 -1.753180766919686 -0.930667232537491 0.960021886273583 1.0750702657471238 1.0253346015855263 0.8975661478125458 0.6827240241349375 0.3712667320006158 -0.05322479297704432 -0.5174148335341829 -0.9484614594010154 -1.2752690478962179 -1.4267774286505686 -1.523365221644056 -1.685413592217984 -2.0334087167558623 -2.687836954387594 -3.5166196860447463 -4.387678305747134 -5.172726280822794 -5.743477079088455 -6.121234971300033 -6.3273042219668 -6.385173743546842 -6.318332360557281 -6.168085620483845 -5.975737845886398 -5.771958121135139 -5.587398469579695 -5.355452194732467 -5.009274970744137 -4.518464118776112 -3.8493072099466414 -3.0971000381345943 -2.3110395259763474 -1.6871054265063936 -0.7792030454076643 1.1999362909684184 1.3861616034762223 1.3686540449847229 1.2646816389438538 1.0435141301027235 0.6793452638573064 0.13574298722966596 -0.4675431880725217 -1.0115266483228145 -1.379509388962625 -1.4548481790450702 -1.4318302310979358 -1.5047466902172053 -1.867950379030875 -2.7157944025101783 -3.8384424994702546 -5.026058428963432 -6.083955271802698 -6.8174461097778725 -7.261468374066091 -7.450959489281273 -7.4296884655146656 -7.241424219995659 -6.959610845995072 -6.657691143294508 -6.36790588858936 -6.122477842576304 -5.810164768500181 -5.3194734991584305 -4.700277878515652 -3.9989567406438944 -3.2181214368014177 -2.311704102569325 -1.5679535738125343 -0.5971046786211962 1.401219601307096 1.6724222482170374 1.7216172602481736 1.6867553606356227 1.4986227448571694 1.101097532830705 0.42318410052617345 -0.34693291476678007 -1.0221367625099742 -1.428841281435449 -1.3935369810953713 -1.2100077500657782 -1.1720429816397393 -1.5571217115287799 -2.642723370662813 -4.110011034423142 -5.640147806530235 -6.968052650464555 -7.828644527694379 -8.274432853498883 -8.357927119752533 -8.15538506852689 -7.74306445586045 -7.257978443797657 -6.837138623448683 -6.486134937649378 -6.210538723396256 -5.8355619485876336 -5.186400862208535 -4.455732496687756 -3.834346865276398 -3.160764859692026 -2.2241582634664243 -1.4098088353478575 -0.4105791927348823 1.5340849042555866 1.9046342094844724 2.0662682507444137 2.1620369044175005 2.062514676115711 1.6624465554608152 0.8370146805482881 -0.12771719869289347 -0.9470898818860862 -1.382662499571044 -1.196095024066533 -0.8117007538515048 -0.6538002308804254 -1.0814348665413647 -2.4536465922324164 -4.304132426278052 -6.166590244437398 -7.712346827873163 -8.61277082131276 -8.909900930483413 -8.686247109707038 -8.03150534354976 -7.387026256675423 -6.7503531678569955 -6.190721013948371 -5.8494364503535685 -5.640361676053541 -5.179440104206439 -4.6110666549793455 -3.7731004920027527 -3.2599047811953277 -2.8828012552889954 -2.035394120955414 -1.2267544341683243 -0.24583338094491972 1.6209053587254971 2.098200013548389 2.3909578705190526 2.643159639786003 2.6572910179494094 2.274358626943783 1.3108508494417848 0.1963430603192868 -0.6624426087463843 -1.0517456785959345 -0.7322577663716384 -0.23434703553003383 0.04716570376421734 -0.5357769684284521 -2.2128238702428464 -4.429855222121196 -6.640069401200904 -8.092062339379186 -7.0320074157841015 -6.206322204338652 -8.320779634697745 -3.8748407803509535 -2.413997764840959 -7.9604752914792245 -6.2681386730129205 -5.220989758431788 -4.87181419082679 -8.658276017749113 -7.066626151427328 -4.270237468375669 -2.845059625600788 -2.662598778536322 -1.859889210909774 -1.059265913880108 -0.10702291454004428 1.6840541247948793 2.2685221897807044 2.684036977658379 3.082756941532344 3.2050528716559206 2.847685950212988 1.771139821565384 0.6539000813432266 -0.25967470563458256 -0.32611932441779995 -0.19243952670907324 -2.4086724386819727 0.5359966143039391 -0.04058371181492973 -1.9848064386905893 -4.4511757792517885 -6.585636694960757 -8.477106563372304 3.1147324302342985 3.9237433658768195 -10.215555404450186 -3.2708361733505598 5.791350510515374 -0.001243699380985093 -1.7038950977808274 -1.7871783646781274 -0.4435883371600701 -8.400462586702021 -8.30218140307844 -4.677139915770133 -3.3850449887150296 -2.7785257160776693 -1.8121210374017798 -0.9478187891242792 0.001696554385330478 1.747038197015365 2.426770391434892 2.918221915540434 3.3711598349284997 3.4577005970167822 2.9034595432096095 0.418885433530988 0.9285196834607107 2.284799374732212 2.408798385572506 6.22464034147211 2.4721923375862422 1.3493281957396988 -0.1853269914158069 -1.1627391265037164 -4.251787412133701 -7.9166345162368685 -12.74982468825829 -6.62190614066027 -6.135983466913455 -10.365171157523749 -7.49414363984857 -1.1044939484868375 3.201288110054965 0.7603783065451123 1.3922633214063314 -0.5816913576044427 -2.987242667779974 -4.569346181344733 -4.509600063658032 -3.8560303930561335 -2.90070765866644 -1.7772902021937402 -0.8708053713094267 0.059545694242631786 1.8333645698703627 2.584114271792635 3.0662290276534288 3.3986993456880303 3.1503591408143663 2.0826893694318214 -0.020168737758534217 3.1588379838000913 7.352668428365686 4.012674944013829 5.526326291856453 3.6800652767592648 2.172516059583607 5.785760653280174 6.240021853077521 2.3073664240332437 -10.372264539104588 -11.933689340840607 -11.32232465282103 -10.575474325474303 -9.72456831295985 -8.298627204512321 -6.488753475931685 -4.766487064130741 -4.299895808024554 -3.0490886719682755 -3.4230122642124328 -3.863837075165347 -4.220440698858793 -4.252552140766324 -3.650724752371514 -2.699270361662347 -1.6405973047869047 -0.8066179697867146 0.04574517480308966 1.9246136694475786 2.7481751388565354 3.2194554519854046 3.4598421774798878 2.9207414418512734 1.8886648076849317 7.61365313750011 5.371912102441451 2.9517786544698907 2.966868750618932 2.8178699533372495 2.503686112879348 7.41771065496107 7.420446418962246 6.2484125315663315 1.3266892913337427 -5.949134375531264 -8.263203108525342 -9.352547250186852 -9.429833066365358 -8.77290332527404 -7.642308421999595 -6.310128142643542 -4.977344133668831 -3.8779758447631156 -3.166595815348288 -3.0461655809654147 -3.2519059044964287 -3.5149103026282336 -3.5504739546917006 -3.0713141206732275 -2.302981215685475 -1.4351314459185605 -0.7446525075477377 -0.008490286873492204 2.002365919713234 2.926574297922344 3.4692983237631605 3.849055027049712 3.5965841185581118 2.9329298742182552 3.6381201678204165 3.277333933645071 2.7647996308351623 2.7101248797711612 2.6098302549649013 2.4677211926333857 2.3044711770857664 1.3282464596187973 0.12084115176927145 -2.8168002166241384 -5.192321896964202 -6.879009443071785 -7.681096882958809 -7.756261326528704 -7.265767244138803 -6.396449559094431 -5.335145571980266 -4.244689260965866 -3.287913813775389 -2.638825648797456 -2.471420180012737 -2.5776552740887535 -2.7493355229737797 -2.767153049509166 -2.4096651334981334 -1.8406075950262533 -1.1939817264706578 -0.674304907745291 -0.07194597388446074 2.0655145374029376 3.062257299233575 3.6683135606140223 4.2271644874570935 4.368431229464199 4.293881063660216 4.161571372396435 3.887113946334809 3.3613751316413305 2.7816890623110253 2.3433106417148886 1.910647312065318 1.348127411340763 0.46743319837048103 -0.9195795150925296 -2.5424617484265055 -4.110574556235047 -5.3291141087843625 -5.90500274663794 -5.9578133701398395 -5.607116955289906 -4.974530268474743 -4.181670031357234 -3.353639552064301 -2.6155415152059147 -2.095258033613844 -1.9206625356128773 -1.947226539388189 -2.0303006035440716 -2.0207540139138294 -1.7677713067053868 -1.379176953200512 -0.9393298895067815 -0.5820187499235536 -0.11419942593736797 2.1129527096200142 3.0981696551094715 3.669057041471665 4.2549971102051245 4.576725257747882 4.6688505817419 4.5151036257752155 4.116243644287863 3.4693769810478026 2.7652344442273633 2.19428457340289 1.6632860317170275 1.0789786523573346 0.3062130093103068 -0.7901616753587942 -2.0075505883521614 -3.1433590133918927 -4.010549574520013 -4.422084902566035 -4.463089184360532 -4.218686604803536 -3.770516165707428 -3.200216835058868 -2.5967638946879372 -2.0491321547957204 -1.6462352591153497 -1.4769802824000082 -1.4474336187804355 -1.4635701682972635 -1.4293918375392944 -1.2476261848138035 -0.9857167478129696 -0.6933576823776961 -0.45423761794097745 -0.10482818629967905 2.131627591979978 3.04473518170706 3.51426482768379 4.014750564122817 4.3572724815901 4.484586059424972 4.291812926951945 3.8583567712146123 3.2602013226959072 2.616909025908181 2.0477967835300666 1.498972925048348 0.9165281508393552 0.2356657267742167 -0.6084123469884745 -1.4942736175204958 -2.300485722758809 -2.9095338118561993 -3.203903040365164 -3.2411580929628254 -3.078863653057031 -2.773709078700299 -2.3823837037762807 -1.963069020282622 -1.5739461831223671 -1.2730977297870727 -1.1186015026127856 -1.0544073049917995 -1.0243995452338366 -0.970954057874213 -0.8355358414476439 -0.6581069394491703 -0.46594308644788507 -0.3092520778695492 -0.061544220177312016 2.1084859273680765 2.912377166950466 3.2466724416462873 3.58862198331553 3.8225189723297346 3.891318480176927 3.6954031774629312 3.313702616801242 2.8220897899426065 2.2900900407134976 1.7870092617439635 1.2890633243602667 0.7724523440016786 0.21284710879532565 -0.4140827243530351 -1.0396783323544512 -1.5952809733321514 -2.0122686186600753 -2.222019245461012 -2.2610893703837034 -2.1660355093482173 -1.973410789468127 -1.7197683219065802 -1.4415616366415391 -1.1752440410735874 -0.9571858542729492 -0.8237542951770144 -0.7442784185442604 -0.6880440998508981 -0.623328258092499 -0.5178064024457752 -0.3942275458237468 -0.2669641429577442 -0.16535275601994226 -0.002059542457836865 2.029553596966352 2.714081778642678 2.9190781247862376 3.097078903702249 3.186782156003905 3.169527499611919 2.9897626275377376 2.6927388417707507 2.321058723262936 1.9112181561223944 1.4995228548428594 1.0827720017461233 0.6577511255899808 0.22075527438442907 -0.2319214841420784 -0.6637645196552319 -1.0382592721983264 -1.3189261168984374 -1.4692854338873858 -1.5109681593060253 -1.4656052289838608 -1.3548267635593798 -1.2002628743075738 -1.023857615946666 -0.8475549124174454 -0.6932528796808739 -0.5828478121774109 -0.5015443375001793 -0.43452171273262785 -0.366406544183392 -0.2814720725460966 -0.1922643534246959 -0.10640769432261503 -0.04087822555938304 0.055899030337873044 1.8808507333655091 2.4628278272504938 2.584272611897803 2.6605814068291087 2.6643722450470673 2.5996859063683604 2.4387731199334888 2.2059172402892773 1.9231191990346557 1.6067294349658972 1.2729345162844654 0.9293105722426466 0.583421966713372 0.24238662696008006 -0.08667836446989698 -0.3865324479241082 -0.6399351243962963 -0.8296780601845812 -0.9385529259175794 -0.9788788986724197 -0.9629751555069105 -0.9031618272030555 -0.811759039941834 -0.7015724986578331 -0.5854078438905482 -0.4760521109288023 -0.38629143813118 -0.31070282708253316 -0.2438507867394699 -0.18008165846474786 -0.11356778375595188 -0.05040394445844143 0.005738583066591373 0.04583210131749024 0.09460398970572807 1.6826813391547708 2.1759223546968305 2.248725013192275 2.2706775017705256 2.232726830784498 2.149709519722097 2.009276874693972 1.8243360168184326 1.605842256709011 1.359704824647744 1.0916928172273093 0.8129884562662332 0.5347639024368172 0.2677941713749247 0.02285355635865421 -0.1924891056059843 -0.3706650293754324 -0.5041341222729799 -0.5853562953383611 -0.6215613946082844 -0.6199792662870673 -0.5878418050349632 -0.5323809041423143 -0.46131451528641776 -0.3823605707983257 -0.3032370430281894 -0.2316616348486262 -0.1667307507360398 -0.10753704182756856 -0.053184668142054206 -0.002725512426152136 0.04133048597485306 0.07720151618701868 0.10042330549631034 0.11667310251528033 1.4552693493745623 1.8705699284309572 1.9187998849717218 1.9188113715810398 1.8691830320135938 1.7874185103049849 1.6680268471285327 1.5190116571492145 1.3467256167895085 1.1531611382240456 0.9401921015946355 0.7180711021188525 0.4970422247972052 0.28700701726961525 0.09786641616989576 -0.0661481903642891 -0.20080545806376757 -0.30189884641669795 -0.36522181806397014 -0.395745651403866 -0.3984416251043536 -0.3782836171208527 -0.34024550603162945 -0.2896872760515439 -0.2319689198456015 -0.17246197618203948 -0.11653810150829282 -0.06461036435820007 -0.017093472324219632 0.02544449666385974 0.06241263553478238 0.09290465984617154 0.1156963162337404 0.12852878171762983 0.12471449755270118 1.2166879756844355 1.5612208260620926 1.5980484568858024 1.5936224384430626 1.5483391479665396 1.4780053097575352 1.3793257446875729 1.2587309571466518 1.121279996562918 0.9683874656996994 0.80136950128423 0.6276425203516658 0.4546158703938338 0.2894127434332474 0.13915582392200174 0.007797184124365287 -0.10071114013792272 -0.18243787283045723 -0.23345174054375917 -0.2578972576138662 -0.2599189386831828 -0.24366402191254743 -0.2132797471270154 -0.1731695201500409 -0.1277367697977585 -0.081402205680711 -0.038586857642769944 0.0005319161288718791 0.0357722971731021 0.06672870459601507 0.09293343390215779 0.11398766873306537 0.12862732258253007 0.13546919007566663 0.12107840737074173 0.9838952326521225 1.260898039904328 1.288565710488 1.2823040146336273 1.243394076087645 1.1853301359684387 1.1062329774584478 1.01114251842384 0.9039949121114864 0.7857796208515819 0.6574068602401169 0.5241742689696668 0.3913737960732791 0.26406611128598506 0.14731147584358945 0.04456045682424713 -0.04073640802356148 -0.10514538306267225 -0.1452327347720965 -0.16434527984121838 -0.1658298352561583 -0.15303575320055932 -0.12931238789619415 -0.0981756344092877 -0.06314141604313944 -0.02774424168611816 0.004480986492505925 0.03349456762474077 0.05925132314706173 0.0814673798113137 0.09978256991279615 0.11409423892761097 0.12323708763576223 0.1264024236609462 0.10798082333803652 0.7719556116392373 0.9884739610128395 1.009090367943348 1.0027919006641202 0.9710826480323905 0.9249211139278277 0.8632410653270546 0.7899110266023373 0.7079361848595145 0.6180098351943679 0.520763287875765 0.4199902422279549 0.31947994726483303 0.2228402430372603 0.13367865007813598 0.054839060983523494 -0.010834654591591423 -0.06051181819090927 -0.0913617530152247 -0.10601090862851587 -0.10708573485296052 -0.09721484241189023 -0.07902684398633206 -0.055259652829270756 -0.028651209343226073 -0.0019564156329426674 0.022069448061030852 0.04345147402398061 0.062209487789476985 0.07814624980136761 0.09099116411528307 0.10078077135916691 0.10652988947763531 0.10776942815840729 0.08979953591083574 0.5804009122711987 0.7429414607849073 0.7580782319803318 0.7528801843910417 0.728648542954137 0.6937510247450444 0.6475256298313986 0.5928481664477495 0.5319461383159614 0.4653086073983489 0.39337808948741415 0.3188839708498714 0.24455229588779762 0.1729727129434833 0.10673463042409213 0.04802887604113815 -0.0009537397210184604 -0.03803232846596145 -0.06102600304226688 -0.07191382902895027 -0.07267487220773908 -0.06528988028546469 -0.0517396025619343 -0.03407929653005236 -0.014364241781672725 0.005336738033787693 0.02295451147459667 0.03853041117735745 0.052101482785213885 0.06353168216741753 0.07262525507710738 0.07945363588927902 0.08325660434681195 0.08374409734637721 0.06904259705113568 0.43260975545273805 0.5538117682522781 0.5651216908347741 0.5612813872150522 0.5432537441738041 0.5172730169675823 0.48284043321945774 0.4420958909240434 0.39669587844140203 0.34700077099855386 0.2933362365723061 0.2377430468478379 0.18225948164187647 0.12882212824708725 0.0793673950479999 0.03553459541496716 -0.0010369701271182737 -0.028715398310605263 -0.045868786796135735 -0.05397799652437523 -0.05452388858661101 -0.04898857333269923 -0.038854162292906794 -0.025658084318647214 -0.01093778463646436 0.0037592590608377494 0.016885341009041665 0.028474991419667844 0.03855956387958317 0.0470422068010316 0.05378182392252242 0.058835523639883376 0.061644165541313786 0.061997727664000836 0.05110294941207151 0.13561827487399095 0.173710122531657 0.1773085087275641 0.17617016327419663 0.17058350177072074 0.16249763856426125 0.15174595823219958 0.1389923352640926 0.12474874158641777 0.10912017593701427 0.09220073094037702 0.07464242533600474 0.05709649483968413 0.040182242217152386 0.024518914015563043 0.010632606552825144 -0.0009505878895969503 -0.009706899239217118 -0.015112557715175383 -0.017642811696922323 -0.01777290961022096 -0.015978483093397115 -0.012735164141521154 -0.008535507052695459 -0.0038720710731320507 0.0007595599215979147 0.004863733139131108 0.008458421650659544 0.01156063864039567 0.014148759614670261 0.01618779057889375 0.017703056069008828 0.018533667495052954 0.018625655861569338 0.01533143791134961 0.032218055555515004 0.027135853681613455 0.018892636365364316 0.007611289226911178 -0.0035233351267925247 -0.012254585242689943 -0.016105970329068395 -0.012924199359323511 -0.0005401975524772758 0.02320314255744561 0.060464061658997405 0.10835109599702432 0.16397286317807486 0.22443737890083038 0.2868526647052157 0.34829540872407116 0.40584229950595085 0.4565696414461852 0.4975537389188025 0.529141473840623 0.5516797274144816 0.5655105864571427 0.5709761278109426 0.5682875021108946 0.5576557210641396 0.5392255403082404 0.5131397804651239 0.48133373623208126 0.4457157510153747 0.4073647046913644 0.3669840940775713 0.32809693612724344 0.2889978362608973 0.25454020973788055 0.1567550934182198 0.1118940765840852 0.10181922680820418 0.07756739501062285 0.04393411982921576 0.010898705313471624 -0.01411965039346445 -0.023329571536883902 -0.009796857572566143 0.033439413193983074 0.11324891445879115 0.23650323841015364 0.3937190626890668 0.5754132026780119 0.7720963228858242 0.9742790977098998 1.1723649871387067 1.3567574518591419 1.5178584451357016 1.646069920122299 1.742746292928463 1.8092419774171162 1.8468964081096269 1.8570489881855767 1.8406386770622178 1.798603997618695 1.7316767807892408 1.6405827773161477 1.5316077078475299 1.4109526068821978 1.2822330539972089 1.1478851028712838 1.019295114478823 0.8914207733668031 0.7801196299250965 0.4724272904580357 0.15211863832117825 0.13994653669587745 0.10785730833780859 0.06324958395802308 0.019472407218220387 -0.013472076829088147 -0.02515450270300811 -0.006257433717541138 0.05256723986002885 0.16053357842651653 0.32685784460440365 0.5387600385985399 0.7834603187263881 1.0481696641926697 1.3200990655529694 1.5863140803390918 1.8338802668825722 2.0498610993672632 2.2213200518090153 2.3501285562367498 2.438158041676705 2.487259909313222 2.4992855183761584 2.4755527493441365 2.4173788984724793 2.3258049791726547 2.2018638677353475 2.0540132571480774 1.8905975048934698 1.7165054968702496 1.5350475590532842 1.3615324168109664 1.1892822920139297 1.0396543814021335 0.627773392710312 0.19986127254903024 0.18143532592103373 0.1376536133531449 0.07692719335879229 0.017211887018305207 -0.028166556341722427 -0.04519710427460658 -0.021427472664512764 0.055643823718761705 0.1983562738083517 0.41905289901846193 0.7008600196611002 1.0269042096688923 1.3803011547110993 1.744166558664636 2.101160692988589 2.4339438304290013 2.725173572086557 2.9575075188327906 3.132861101839417 3.253149748299522 3.3202623213527587 3.3360876282781273 3.303121334234998 3.2238583266768193 3.10042696056138 2.9349447589555817 2.7380093470438656 2.520067481140895 2.2869834583726223 2.042520243717399 1.8078685675583388 1.574951378710524 1.373252776372184 0.8246092501300006 0.2441162511708984 0.2119081363394928 0.15222841421746303 0.07001615190385803 -0.0112179344148175 -0.07452265785427173 -0.10161344711727639 -0.07648445040143602 0.016965916789293982 0.19469990128070042 0.4726866231967221 0.8298695190455482 1.2451925188158428 1.6975910848011544 2.1660007147234768 2.628065474702243 3.0614294333742746 3.4437336484080157 3.7526191772788122 3.9888577522119246 4.153221100318556 4.246447157971203 4.269273790039969 4.226792766792319 4.124094862643348 3.965804240430171 3.7565311925821985 3.5079593893063055 3.231579310932134 2.93305164812795 2.6153463037282156 2.30766929333656 2.0017487926535384 1.7379415308431418 1.0346052663160434 0.28032779406128727 0.22307182193182895 0.14166445728033805 0.03059508169174639 -0.0798669726439225 -0.16886628000902382 -0.21297852981156754 -0.19217421683492897 -0.0862393982267135 0.1250028761288052 0.4617427983738061 0.8988287335125353 1.4111099972837922 1.9734363287809003 2.560657535354486 3.1447096401388857 3.6975286711362836 4.1910477214122315 4.597199883924707 4.913793135538666 5.1386354467450674 5.269493061402953 5.304132134242682 5.252338281216323 5.123895876848155 4.928012355360663 4.673877860116515 4.372536332430144 4.034790883006547 3.664243137903974 3.2611403855084107 2.865643081674799 2.4711917854554284 2.1327657837937095 1.2546201460678597 0.2997776847114511 0.20273503101468932 0.09298457282458768 -0.0551471082624618 -0.2035281820421951 -0.3274131045851244 -0.3974753212202471 -0.3893902310846347 -0.2785043315420457 -0.03998588130924774 0.3510204749818568 0.86587748255683 1.47594958205604 2.1526196278357332 2.8672705959745963 3.58570658356915 4.273731696415529 4.897147822506718 5.421756849907456 5.839898017054206 6.143910554688042 6.326083835900698 6.378707125977024 6.31899911741721 6.16417700112028 5.9307673762929625 5.63527592753188 5.285481735732551 4.888872578850603 4.4443265383100785 3.9466643689872494 3.4503348181292117 2.9532753642544263 2.529266653054857 1.4649888945696978 0.28832118121432454 0.13647180765242956 -0.0023531847159730585 -0.18551731750233172 -0.36685686960894126 -0.5181590441546156 -0.6037781226531701 -0.6002033036848328 -0.483390126068978 -0.22873431757549403 0.1884067090726794 0.7466100984385275 1.4244557459813887 2.2005729597188393 3.0535912451704044 3.939423814762911 4.813983895054301 5.6331839994439115 6.35293664166466 6.944212743301442 7.3779832164780155 7.625158925635899 7.656650602427048 7.524554063473515 7.280963275804413 6.977138653332715 6.664314848460388 6.321082098177873 5.925671827914148 5.44594826679707 4.844778043604336 4.208968066407803 3.5557176499387984 2.998957449791879 1.6831094151449386 0.23151469217634058 0.009576317335014298 -0.15311045299674972 -0.3589581208665261 -0.5545616901298307 -0.7090920980747967 -0.7805330889528147 -0.7566948430344735 -0.6245843362680412 -0.37004706980080987 0.021129122695673377 0.5555511144623586 1.2398299190783524 2.080673899856009 3.0847917173661252 4.191136713107172 5.338662249857555 6.466323420013202 7.513075316629914 8.399222596420527 9.045069904055497 9.370847761839588 9.29678652282401 8.962005268797895 8.505620724043306 8.065718328405437 7.780350685884004 7.5496800224455525 7.273411219726937 6.838469000340958 6.125408102130881 5.2861699604153305 4.383973568069095 3.611376785297234 1.925193262860682 0.11434247149888582 -0.193189960498261 -0.36846450793905106 -0.5741645736431439 -0.7514438185968481 -0.8681732953304584 -0.8763189365127345 -0.7909519652145252 -0.6260016682785404 -0.3933598067133167 -0.10483615419500983 0.3051841339899236 0.9023217889802265 1.7523637349827705 2.9210973188248603 4.320185175581081 5.861289970587028 7.456079602230969 9.016221969934183 10.368652057866084 11.340304834396935 11.758021457222734 11.448642861818945 10.715154216497885 9.860537594283802 9.186463395135506 8.994558907199984 9.03397813926154 9.05327463002789 8.784860672242322 7.9527850893879855 6.821536638547248 5.5391159772379766 4.432238826269325 2.205150981809601 -0.07823268334441677 -0.48708564078565514 -0.6576083986465255 -0.8298414721682011 -0.9423082602007014 -0.963363096763124 -0.8397123609010333 -0.6350625471983878 -0.4115658970009102 -0.22813237033779135 -0.1435603368764239 0.007915952273582104 0.39207025782956173 1.1749362523838252 2.5225481837441293 4.3056870941907315 6.395134067193308 8.661680106197727 10.976116216085565 13.015898570182172 14.458483320722193 14.981205781104329 14.26140096802077 12.8674594424541 11.367767632587007 10.329009398062047 10.3178110360313 10.836395920337798 11.386185682758397 11.447859310249234 10.490928963330767 8.954477823926352 7.12205524592435 5.527115962334542 2.5368079401117787 -0.3842260233247907 -0.9774433055650213 -1.1643391360168913 -1.3089294572814416 -1.3309697676973737 -1.1879894123216415 -0.8056212713968031 -0.34318721056293194 0.042280967679194065 0.1989729347439735 -0.024757218818377676 -0.30807199842617156 -0.33012210473560916 0.23027496471388098 1.6943025599166228 3.874422470339374 6.583096546159439 9.652226686738436 12.913714793850811 15.822084315185668 17.83185867150033 18.441838027724263 17.150822169330073 14.875279103440166 12.531671551713522 11.033679784278226 11.29491045423113 12.475701676615829 13.73536621350089 14.26219320489753 13.230190466198374 11.280920386823652 8.857032164509793 6.727345815699138 2.890177997881965 -0.841654339915607 -1.7695969795855233 -2.032454863411307 -2.194369869198273 -2.1212433688386056 -1.735380111163865 -0.9089534321902318 0.030513368485542067 0.7590962647685633 0.9612920683857842 0.32185600727487285 -0.6146038004227629 -1.3034606831174103 -1.1997472053562588 0.24150540037909043 2.753155366190554 6.068061019649818 9.996800567823554 14.349952222288033 18.268307994355354 20.892659863006365 21.541330696783163 19.532642907017166 16.19494673372687 12.856586048232936 10.840774921871159 11.470638721460187 13.470643389029958 15.564019371998493 16.662573709192618 15.660905220768527 13.396777813495708 10.468275857110632 7.864255829433649 3.2352688998752046 -1.4885633772276332 -2.9689887408423634 -3.4060271489582035 -3.66983794098487 -3.518598870425569 -2.7990746575061896 -1.2781933365914542 0.4516857992596311 1.8039354731383737 2.191961924512907 1.0295829330948914 -0.8330586332556172 -2.5457903594194518 -3.2309742225939275 -2.0109700785922833 0.6818233734123832 4.415007586357536 9.102128741494523 14.656733028180946 19.7236329634336 22.94764112603803 23.55925158068734 20.78895823086869 16.354959655104178 11.975447250409708 9.394658620820994 10.356730076617652 13.281363112208446 16.5872189398071 18.611010904297167 17.675769014105573 15.0466119530229 11.71807861281031 8.779264973908566 3.5391149835025044 -2.3629989899739186 -4.681060770911469 -5.42912764209174 -5.91900895591869 -5.728506099001343 -4.572612512634264 -2.041825467491282 0.8859766871516495 3.2418540248981187 4.024119273080629 2.2317269079461965 -0.8848160723521468 -4.074956586839162 -5.9792508120906165 -5.2382516152283705 -2.5996370605872055 1.188912615504486 6.37144569763141 13.153027979417322 19.39686971559649 23.10003359169675 23.3057508250371 19.79319435190934 14.717824029196292 9.50283639561171 6.299699258729549 7.3193601978897105 10.708526006573184 17.02164730939343 20.138437709186732 19.10439131665039 15.974983680806877 12.368731883092419 9.313791488665593 3.76875014711199 -3.3094799148169405 -6.620805417244438 -7.7945133155770625 -8.690766038801604 -8.704489326503674 -7.218523027333901 -3.438710954929256 0.9969580565355095 4.482626628578938 5.623138161202128 3.3518163896094237 -1.0707010924723508 -5.810311696884838 -8.977369651911356 -8.832723421384824 -6.391856660437777 -2.7134247479675397 2.5059379527636145 11.75045038589898 16.22251141419571 18.342485536177072 15.818120131574263 12.753058346479724 9.103325715445171 4.2234196333364356 0.28917857349374254 0.03298879618533109 0.47736705738087215 10.35436038587871 19.902461992074052 19.20440178846314 16.04030755505711 12.416789058186612 9.43505062312873 3.878871026106369 -4.172524896348726 -8.50321503471133 -10.194941147995948 -11.733992318016861 -12.400072836082275 -10.90000993807153 -5.702996641966173 0.3618681581632701 6.088116189951302 10.37397207557842 10.802742990005338 2.1712600566234435 -8.022968864431874 -11.80096790392954 -12.199947202908822 -10.361190396678532 -7.537622253304379 -1.840548609994796 21.557094747747783 23.594689814519683 15.503296645915068 8.371941905275584 14.870969397920575 5.497428084231331 2.572702616887459 8.60409714151014 2.186177048399656 6.304585472816153 7.648249051244849 17.77507248762372 17.962426719659735 15.100998091345058 11.85880346818884 9.110257574254138 3.8241742243678916 -4.802001142309167 -10.023331839065305 -12.249475578141423 -14.562963285002626 -16.200792347855643 -15.279068480943423 -9.464007412290426 -3.2309952104135613 4.610376008308827 22.473972189641835 20.049970426573974 9.750875724420828 -12.08781076954662 -15.471476517765057 -15.819925720157677 -17.968103842305595 -17.869385491949465 -5.516704806711637 10.012286900029627 17.124235264668922 14.84257688546008 11.49479309471211 13.104574982409284 -0.1335852277467788 1.0337708923514575 7.246634073914913 1.7509236636771197 3.237575761797481 8.94211043631503 14.430812594649394 15.295678927058304 13.289324471687168 10.677929827880622 8.3029847271406 3.5603132421390087 -5.04777586084894 -10.876198046336759 -13.57718104493353 -16.691954431132267 -19.48141870988158 -19.356913699221536 -12.819647918548524 -5.06675803113644 -8.864434386695818 13.935078274742121 8.521894739058764 0.7251164932218325 -19.475323725308776 -21.85394792963306 -17.411578873259625 -16.051794831232634 -21.04891432008537 -7.209884027287672 -0.3999965118189843 6.034741769408586 10.864652712764272 12.322386881437282 9.040504505357264 2.8262974491876247 -2.805410003935824 -5.5239879988508 -4.682786838627362 -1.134072369424752 5.0720524071970186 10.488662119828179 11.796318117760174 10.737555937207508 8.857322847770842 6.976804463166554 3.0429415774385755 -4.992161163357325 -11.11265311570649 -14.144455810609712 -17.814701765681583 -21.378052154737816 -21.020942176757085 -14.05887818413833 -4.842809095887422 -6.326679033748556 -2.1145540566109453 -4.672011610948066 -10.61760829049698 -18.561371411644874 -24.034397337679792 -21.46730965171021 -17.351631163235375 -16.628707186572342 -11.709284087639334 -4.577470825359056 1.89685260262894 6.758281753761567 8.65354708786444 6.309507999895461 1.8409790087612954 -2.704016058871754 -5.464717721179628 -4.64525911747875 -1.4080753517503142 3.0947674914910284 6.9571523305327405 8.26163610846327 7.931647769257448 6.732528219321543 5.376868582492634 2.375377656890865 -4.717469159045433 -10.783536502817963 -13.917698133369882 -17.62494129234792 -20.99977891730335 -21.59361094598303 -17.486091073159216 -11.754506952487674 -7.802427942709551 -6.605093023229317 -9.145087678867775 -13.599304359862819 -18.231593746415868 -21.660828584881926 -23.13510921241614 -22.565882826873157 -19.055058319172264 -13.792075118415612 -7.653669327633126 -1.7676191361535052 2.8178836123496978 5.058779035653662 3.911002595927941 0.9484389399192761 -2.25503021754905 -4.246301744556473 -3.5723133530862237 -1.2298415628012085 1.7837682208499717 4.3621257437289005 5.390917192630791 5.35755524423324 4.639091634311546 3.748328885662362 1.6609399075111033 -4.297465292322009 -9.971514835780397 -12.9809160658417 -16.397492016309716 -19.180367366488657 -20.13610119136896 -17.795254480578656 -14.134598705874081 -11.060077395369644 -9.850554024405692 -11.776942867602333 -15.399568575389186 -19.278648849210363 -22.245330346840834 -23.1288144134097 -22.012176707933083 -18.98396009503878 -14.633816695139517 -9.553955600601421 -4.5472223759676345 -0.4164593193985652 2.0231504733989145 1.956423774289546 0.44224353200337974 -1.4605091517392177 -2.7234754619450947 -2.3183223093567613 -0.875660742114681 0.9735398783508548 2.5645811506753207 3.227774013171886 3.2487528497934206 2.8436411132702415 2.3176801174725528 1.007948799477493 -3.8059149766911755 -8.759254692902617 -11.418117604000736 -14.407172878367785 -16.764572495292306 -17.80857333832951 -16.599931941826647 -14.33433497933981 -12.1889814285468 -11.272374170261237 -12.691688729577818 -15.389919675349319 -18.309966276495537 -20.474516170268114 -20.906250151794843 -19.807472611058124 -17.38048744669725 -13.97473288076368 -9.939647100444272 -5.872187050807216 -2.36930968012322 -0.03813249120594408 0.5142269334371503 -0.029470749860668187 -0.9864659972772393 -1.674364714270012 -1.410788301758079 -0.5613071136959704 0.5082926720097987 1.4257553792402742 1.8158192920099876 1.8387150816806088 1.6128046854345752 1.3114170318005853 0.5247248106650506 -3.286128107361407 -7.329401804148963 -9.492485945304317 -11.944095669645671 -13.924557054134512 -14.978977151098228 -14.44221413772644 -13.125256969914421 -11.823999413484339 -11.297780286821814 -12.304854622426767 -14.140739355124337 -16.10087360741402 -17.49902698454795 -17.648963505105815 -16.718751840049105 -14.8764602592515 -12.32682669822816 -9.27458906393696 -6.142183179905992 -3.3520448709499484 -1.3291540440066336 -0.4984906525835778 -0.4446497801022394 -0.752227160674181 -1.0060803322230452 -0.7910758957643708 -0.29536007156086974 0.29279468752823673 0.7813667807760947 0.9765764141965808 0.969179868558454 0.825444951597232 0.6442600303253767 0.18343304254937476 -2.781414149054557 -5.864601205815991 -7.467203498118728 -9.298371282701599 -10.82897125204418 -11.783811245754686 -11.726997573800091 -11.151195604433662 -10.53753285519067 -10.345436634754588 -11.033505871397697 -12.177522197030353 -13.353207768525277 -14.134490237834562 -14.095292986795393 -13.350087779007772 -12.01334607150122 -10.199412062484345 -8.022629928295988 -5.756879684610595 -3.6760413474978963 -2.053997579151655 -1.1646310691702781 -0.7812389345400881 -0.6771186755169541 -0.6257328766638232 -0.4005494609124715 -0.08639886280249041 0.23181412923247444 0.4671338131828357 0.5315688708909865 0.48188525204133453 0.36042463414005305 0.2309296414708834 -0.04376129602956998 -2.3315485074899485 -4.559714921060917 -5.651326066249031 -6.910303639035848 -8.015543383835801 -8.823326187544966 -9.073261323018345 -9.019216012110535 -8.90668083166937 -8.964873471527484 -9.422410205464931 -10.05937441762371 -10.655806312416136 -10.990420572446746 -10.841928780155486 -10.271532794145518 -9.34043425044426 -8.109739729476615 -6.640555795772629 -5.092359314611849 -3.624627151322848 -2.396835392013352 -1.5684601393729214 -1.0371203593150489 -0.7004352498507155 -0.45610791479499885 -0.20184469074627762 0.03207197506867106 0.21531460855449233 0.31653623149233245 0.3037627222865838 0.2193635878536111 0.09697335470379588 -0.013714941377598926 -0.18467084691225294 -1.976300592477947 -3.6095953114934813 -4.3538984628776465 -5.22018414141531 -6.021987688534661 -6.69775688064858 -7.099967259736069 -7.336364685208257 -7.50852248775793 -7.705600041443758 -8.016313552701357 -8.345379938286687 -8.597484296951857 -8.676310234858622 -8.485539073739007 -8.053117968818034 -7.406993911309112 -6.575041562376445 -5.585135571452474 -4.524689560928131 -3.4811171529624167 -2.5418287500694894 -1.7942347632485698 -1.210169252015005 -0.7614663949067921 -0.4199872540923202 -0.15759454957197727 0.026549950961697127 0.13326138919086525 0.1630552747864381 0.11612550649719516 0.024148804945725535 -0.08567757152992404 -0.17481275948469066 -0.26710675653488813 -1.691866996020118 -2.9298683601562785 -3.452952704676411 -4.065391596767205 -4.65922222713533 -5.217423294132692 -5.657478014648275 -6.011039164005396 -6.305057153526781 -6.556722234035964 -6.78288704181115 -6.95283108573652 -7.035809635062466 -7.00029323894844 -6.814750706226554 -6.489107967608795 -6.033290828858324 -5.4571682732325435 -4.770609275032265 -4.0210392893845 -3.2558837709732513 -2.522563405239022 -1.8684988803767344 -1.3020073271868273 -0.831405915474693 -0.46500176412909344 -0.21110253535381632 -0.055202478995777945 0.017196587692747223 0.02075499544811262 -0.029972325353299 -0.11104004916750272 -0.19997088808476562 -0.26694398383138923 -0.30258560465320966 -1.4543607978784117 -2.436025482095851 -2.826367728690611 -3.2831304485567805 -3.737969288646871 -4.192427267502395 -4.595916683575767 -4.951377415876583 -5.25800652610856 -5.507053263212411 -5.689498153936574 -5.798709654641648 -5.828036928302835 -5.770191665034933 -5.617884169749916 -5.3734710233027325 -5.039308707094882 -4.617707431710315 -4.110977400587781 -3.5483648399126104 -2.9591159752905165 -2.372471510681095 -1.8176721490747183 -1.3141595185164179 -0.8813752340615423 -0.5387299482350623 -0.30563413267573425 -0.1653943557255539 -0.10131466630910199 -0.09627988398709574 -0.1331397373626007 -0.19346201475688188 -0.25832575050149403 -0.30466419724253185 -0.3026031427277436 -1.237649371943375 -2.0399412784029427 -2.347905624152677 -2.7059018849158254 -3.0636368759572203 -3.4269286267141204 -3.7589010264947875 -4.0585050714597 -4.321626456421943 -4.537560963717682 -4.695384296948128 -4.791684896103031 -4.823035400229873 -4.785480563235588 -4.6750640045703955 -4.492246307235988 -4.237487972782568 -3.91121111622247 -3.513837846704612 -3.0679430917748016 -2.596101778343293 -2.1208832360952408 -1.6648567916817791 -1.2455690776706962 -0.8805666847890367 -0.5873563942798238 -0.3834444046497425 -0.25547811346131355 -0.19009680180908514 -0.17341612120477654 -0.19143867534480583 -0.22979286068957724 -0.2725325207532615 -0.3018728871218104 -0.2780984979492003 -1.0144369166595695 -1.651616059771479 -1.8891963561457394 -2.1637785242427547 -2.4389062399524875 -2.722049044853485 -2.9867125129723138 -3.2299323772336854 -3.4463058674050178 -3.6251367247205235 -3.755553613764747 -3.8361009077357546 -3.865310409893703 -3.841290309656087 -3.7621478939593564 -3.627344228410666 -3.4363403138205526 -3.188566304587975 -2.8834523504404332 -2.538090820398182 -2.169574082877642 -1.7949893964387547 -1.4314240158592966 -1.0938312728160533 -0.797164446639428 -0.5563363224500409 -0.3862589563012736 -0.276509191548408 -0.21665371695172886 -0.19573257580433331 -0.2026443761365993 -0.22640315805765837 -0.2540530225935999 -0.27212707203677244 -0.23972069677965863 -0.8035081648599587 -1.2968632506844762 -1.4769183689881245 -1.68405438207232 -1.8919367839324561 -2.107887126261634 -2.3128979819002455 -2.503556786986257 -2.6745606420258725 -2.8164747280834863 -2.9197285062314284 -2.9838697596969785 -3.0084365274503777 -2.9926364216510044 -2.935676354851953 -2.836664725294033 -2.69470988098724 -2.5088960878794824 -2.278307608293721 -2.015718632179952 -1.7339033489697246 -1.4456316495447834 -1.1636734211534028 -0.9001334613742304 -0.6671165174356808 -0.476691425768329 -0.34092632153296976 -0.25184850196251574 -0.201475496863157 -0.18136020632182712 -0.1829194877211113 -0.19787190209839556 -0.21604118005691805 -0.22734360282638674 -0.19530386826277987 -0.607446905373328 -0.9753907780665563 -1.1080534485350642 -1.2601978611350686 -1.4129091551572275 -1.5722254646509661 -1.7245357413167215 -1.8669199491844302 -1.9950473044636363 -2.1014915932330025 -2.1787253144347773 -2.2266619053918246 -2.245207531337787 -2.2340209139703786 -2.192760252874703 -2.1206014954770604 -2.0167205517166464 -1.8802752912417404 -1.7104235809942203 -1.5165082057181314 -1.3078719497551812 -1.0938542856153533 -0.8837946828825095 -0.686888012620728 -0.51232910533089 -0.3692846159397626 -0.2669206344155585 -0.1993275311931198 -0.16058780785071575 -0.14442006823922948 -0.14443331717604793 -0.15452723141207095 -0.16707497008582517 -0.1746693547797739 -0.14864155953664315 -0.4536735749708583 -0.7269868267885063 -0.8252035851297792 -0.9376738506026359 -1.0504197702136369 -1.1679691449854805 -1.2802514928572715 -1.3851288445637635 -1.4794151212707856 -1.5576221317275756 -1.6141864338020053 -1.6490585546730305 -1.6621836187493924 -1.6533227428546193 -1.622236655910741 -1.568326516697478 -1.4909934561437062 -1.389625191628761 -1.263609438521533 -1.11985763280868 -0.9652812101814263 -0.8067891679813789 -0.6512905014243446 -0.5055872939599619 -0.3764815995719865 -0.27075485785581255 -0.19518809801029172 -0.14539385669861196 -0.11697895449824469 -0.10528384270831848 -0.10556935782446966 -0.1132986101764997 -0.12282581893104078 -0.12863653776066813 -0.10977145885707683 -0.14395856981127536 -0.22783690630109232 -0.25734967478215065 -0.29081723012207794 -0.3240892131353293 -0.35863725629820703 -0.39144779661561085 -0.42192456352972796 -0.4491492639363113 -0.4714917265972433 -0.487298660095791 -0.49658343635219143 -0.4993577673325503 -0.49557650209372334 -0.4851943705132053 -0.46805315676028675 -0.44399463644734977 -0.412856443598796 -0.3744762116217982 -0.33092011989481196 -0.28425434771215613 -0.2365443678806476 -0.18985565264663284 -0.14622182224973784 -0.10767648916727453 -0.0762475456453523 -0.053962775818190284 -0.03948009401892912 -0.03145590877654137 -0.028472466209772028 -0.029091039290894502 -0.03190870742674636 -0.035230431777730234 -0.03734017277109209 -0.03245320853046281)
(UseCyclicTransform "false")
(UseDirectionCosines "true")

// ResampleInterpolator specific
(FinalBSplineInterpolationOrder 3)
(ResampleInterpolator "FinalBSplineInterpolator")

// Resampler specific
(CompressResultImage "false")
(DefaultPixelValue 0)
(Resampler "DefaultResampler")
(ResultImageFormat "nii")
(ResultImagePixelType "float")
